2.6e-05
2.9e-05
3.4e-05
4.1e-05
5.8e-05
8.2e-05
0.000111
0.000137
0.00017
0.000225
0.000263
0.00043
0.000362
0.000393
0.000445
0.000486
0.00056
0.000674
0.000666
0.000743
0.000832
0.000935
0.000975
0.001063
0.001174
0.001231
0.001331
0.001457
0.001521
0.001644
0.001713
0.00243
0.001966
0.002067
0.002203
0.002289
0.002625
0.002927
0.003055
0.002792
0.003106
0.003053
0.003663
0.003463
0.003822
0.003604
0.003789
0.00393
0.004012
0.004246
0.004478
0.004717
0.004698
0.004906
0.005315
0.006184
0.005428
0.005842
0.006014
0.005785
0.005862
0.006032
0.008018
0.008103
0.006716
0.007952
0.007161
0.007263
0.007604
0.007976
0.00813
0.008274
0.008312
0.00867
0.008826
0.013892
0.008827
0.009554
0.009813
0.009695
0.009362
0.010775
0.011027
0.011796
0.01081
0.01142
0.010652
0.011547
0.014534
0.01281
0.012333
0.012718
0.013095
0.013991
0.012963
0.012335
0.013525
0.014337
0.013144
0.014164
0.014207
0.014614
0.015448
0.015071
0.016832
0.016539
0.016801
0.017074
0.017334
0.018056
0.017249
0.01834
0.018175
0.018417
0.018433
0.019073
0.018531
0.019852
0.019015
0.019749
0.019247
0.021899
0.020622
0.020951
0.020557
0.021429
0.021394
0.02304
0.021422
0.02186
0.022841
0.023659
0.025841
0.023865
0.029486
0.025389
0.025842
0.025739
0.025984
0.028281
0.02647
0.02749
0.026407
0.027726
0.028078
0.029465
0.029928
0.030846
0.030416
0.030465
0.033262
0.030504
0.031815
0.032125
0.032487
0.034171
0.032376
0.034589
0.03549
0.033722
0.034861
0.034263
0.035622
0.035583
0.036678
0.036812
0.037471
0.038327
0.038609
0.037794
0.039206
0.040682
0.038541
0.040152
0.041193
0.040972
0.040737
0.042064
0.042466
0.041552
0.041801
0.042588
0.041435
0.042501
0.043554
0.04424
0.05012
0.04612
0.044579
0.048821
0.046737
0.048312
0.046733
0.047195
0.046052
0.049347
0.04786
0.04822
0.050299
0.050537
0.050833
0.062382
0.050925
0.053174
0.051209
0.054181
0.053748
0.052132
0.051791
0.053563
0.056013
0.056248
0.058884
0.058254
0.057773
0.06068
0.056869
0.059744
0.059767
0.059464
0.061951
0.059229
0.061259
0.06143
0.059989
0.063048
0.060989
0.063838
0.063839
0.065433
0.066185
0.065277
0.06779
0.065364
0.067695
0.06741
0.070038
0.06532
0.06833
0.078565
0.071196
0.072667
0.074163
0.072335
0.074229
0.073153
0.071958
0.081117
0.073118
0.075667
0.076123
0.079835
0.076347
0.078132
0.076509
0.07812
0.079293
0.08129
0.081715
0.082531
0.082372
0.084053
0.084142
0.085093
0.086201
0.08337
0.096489
0.083627
0.089082
0.086081
0.089654
0.08927
0.087376
0.087214
0.09017
0.094886
0.091436
0.088532
0.088702
0.09237
0.093498
0.099159
0.095615
0.093195
0.095613
0.096379
0.099419
0.100641
0.097191
0.099674
0.097655
0.099679
0.101612
0.101222
0.099035
0.103137
0.103845
0.104483
0.104175
0.105682
0.109228
0.110143
0.103743
0.107752
0.109101
0.10781
0.109732
0.109855
0.10933
0.110778
0.114899
0.109067
0.112298
0.115839
0.113008
0.116194
0.114676
0.116066
0.119335
0.119907
0.119948
0.120526
0.116992
0.120598
0.119615
0.117719
0.116215
0.123524
0.125383
0.124066
0.124562
0.123911
0.125854
0.127898
0.135443
0.13452
0.132222
0.130459
0.142
0.132491
0.134079
0.136352
0.139077
0.132195
0.132355
0.135939
0.137961
0.134515
0.137413
0.143212
0.144827
0.139831
0.141794
0.1425
0.141102
0.142411
0.140776
0.147461
0.143792
0.150741
0.147766
0.142423
0.150994
0.153089
0.147829
0.154612
0.15646
0.156981
0.153629
0.153629
0.153234
0.156404
0.155553
0.154875
0.156425
0.159928
0.15886
0.160455
0.163972
0.160675
0.168697
0.165826
0.166505
0.166357
0.161944
0.168592
0.167443
0.165635
0.167958
0.168363
0.170975
0.174961
0.170539
0.172719
0.173695
0.174657
0.170499
0.175437
0.180959
0.178186
0.186448
0.184052
0.18567
0.181654
0.182844
0.18313
0.184421
0.191178
0.190406
0.188969
0.196631
0.186769
0.187967
0.189251
0.195484
0.191099
0.199417
0.190981
0.194289
0.191553
0.200037
0.203339
0.195998
0.198982
0.200949
0.203017
0.20061
0.19831
0.207442
0.20222
0.209142
0.20366
0.202337
0.206262
0.213376
0.213101
0.20929
0.210277
0.218014
0.21617
0.21623
0.215016
0.216451
0.216051
0.217976
0.224166
0.22243
0.229004
0.223336
0.228465
0.230054
0.230793
0.234289
0.225608
0.23411
0.230626
0.237897
0.237061
0.234981
0.235311
0.242325
0.235569
0.235664
0.239712
0.237165
0.241181
0.249192
0.242809
0.246586
0.245717
0.24431
0.24398
0.243415
0.245624
0.256398
0.250703
0.244533
0.24551
0.246161
0.252062
0.252922
0.255665
0.26071
0.259591
0.25364
0.257066
0.25735
0.261499
0.26138
0.263175
0.26466
0.27772
0.267727
0.268909
0.269702
0.267819
0.278606
0.270341
0.275956
0.271327
0.27264
0.268773
0.277298
0.275029
0.274525
0.278742
0.276597
0.274837
0.282409
0.285433
0.281019
0.284725
0.283569
0.2817
0.28129
0.289302
0.290961
0.294032
0.294346
0.295145
0.293193
0.296036
0.296447
0.290218
0.299412
0.303472
0.322971
0.301777
0.299107
0.307549
0.307681
0.304938
0.312357
0.306693
0.311323
0.313051
0.304432
0.314713
0.321921
0.312693
0.320791
0.321956
0.316567
0.317416
0.320764
0.327094
0.324741
0.329619
0.327029
0.325155
0.33182
0.32498
0.338178
0.327917
0.333429
0.332153
0.332118
0.353208
0.345382
0.335393
0.331636
0.340427
0.343889
0.34994
0.341404
0.345709
0.350979
0.347064
0.345675
0.355503
0.3502
0.348862
0.357107
0.345576
0.361035
0.364131
0.366383
0.366156
0.357773
0.361576
0.355596
0.363563
0.361619
0.359559
0.366589
0.384041
0.372668
0.365217
0.368067
0.367376
0.381935
0.374525
0.373687
0.373776
0.384279
0.38704
0.391662
0.379256
0.381382
0.386792
0.384832
0.398791
0.383421
0.38019
0.392208
0.390312
0.395918
0.397963
0.391779
0.392617
0.410282
0.413015
0.407325
0.402372
0.413143
0.399607
0.415871
0.404886
0.411879
0.409027
0.411076
0.419291
0.424675
0.418781
0.419832
0.421725
0.42482
0.418821
0.425159
0.420612
0.424398
0.426358
0.421893
0.433756
0.443463
0.44758
0.430243
0.434027
0.437452
0.439214
0.432261
0.441906
0.442764
0.441613
0.450498
0.442579
0.439749
0.444664
0.437862
0.449331
0.443795
0.455955
0.447548
0.461374
0.45666
0.455013
0.460921
0.492068
0.471014
0.472041
0.462417
0.469611
0.467418
0.4681
0.47448
0.470321
0.47744
0.471645
0.469191
0.474482
0.487155
0.479905
0.480172
0.475985
0.488516
0.484799
0.487347
0.490183
0.507828
0.495707
0.493435
0.486182
0.498347
0.503833
0.489463
0.50226
0.498557
0.502003
0.496661
0.504179
0.505731
0.514096
0.50201
0.512453
0.516768
0.51714
0.509413
0.534945
0.528517
0.513912
0.525729
0.515468
0.521864
0.52021
0.524327
0.528803
0.533588
0.527353
0.535395
0.530397
0.539897
0.532651
0.537312
0.546567
0.538767
0.543912
0.564118
0.559995
0.551949
0.551172
0.551231
0.554562
0.547022
0.550492
0.552091
0.552427
0.556799
0.553073
0.557287
0.556972
0.553288
0.569649
0.575906
0.56975
0.594784
0.581004
0.574509
0.567567
0.571862
0.576495
0.57595
0.581722
0.581751
0.576515
0.596174
0.585166
0.592747
0.595439
0.588144
0.59048
0.596585
0.611239
0.612713
0.589087
0.603744
0.597858
0.602916
0.60105
0.598868
0.609626
0.608174
0.609842
0.608783
0.593532
0.614508
0.603841
0.613857
0.634977
0.61986
0.640534
0.633276
0.632025
0.640315
0.637485
0.622385
0.635802
0.631458
0.635746
0.63458
0.636393
0.634569
0.644219
0.657124
0.668869
0.641206
0.645852
0.643291
0.639776
0.647625
0.643962
0.656256
0.662329
0.663847
0.651095
0.663812
0.65729
0.658782
0.672739
0.676767
0.679967
0.671786
0.683902
0.673739
0.662851
0.680418
0.681822
0.688061
0.67979
0.690591
0.689047
0.689538
0.685128
0.684727
0.709795
0.701205
0.695779
0.696507
0.703333
0.691302
0.704659
0.695731
0.696539
0.700991
0.706052
0.708092
0.708207
0.705003
0.757297
0.722426
0.719512
0.713134
0.70413
0.726149
0.723656
0.720268
0.725458
0.726329
0.734974
0.729068
0.714394
0.73805
0.759469
0.750942
0.744152
0.729522
0.744469
0.754843
0.747768
0.74906
0.757111
0.750679
0.747518
0.746606
0.763842
0.787103
0.7692
0.758552
0.783426
0.77237
0.767283
0.773883
0.775656
0.776347
0.776694
0.780088
0.788922
0.788956
0.806833
0.805936
0.780561
0.776669
0.789135
0.792357
0.791404
0.798193
0.797212
0.797063
0.798189
0.799533
0.815884
0.824318
0.818904
0.804837
0.820023
0.8241
0.812456
0.827231
0.832407
0.817883
0.831176
0.831685
0.83857
0.846817
0.851132
0.837821
0.830117
0.836663
0.842021
0.83446
0.846188
0.836817
0.857764
0.846916
0.858544
0.867935
0.869792
0.858243
0.854259
0.857558
0.852158
0.875266
0.871244
0.867978
0.854457
0.864464
0.916961
0.885744
0.88375
0.879905
0.886444
0.878948
0.886966
0.87862
0.882135
0.904007
0.899525
0.879053
0.909482
0.888658
0.890949
0.908252
0.908905
0.928875
0.916564
0.899328
0.918823
0.91636
0.93588
0.923934
0.949472
0.93142
0.921023
0.923823
0.949954
0.935689
0.941198
0.939128
0.947953
0.939161
0.954351
0.935649
0.935992
0.954394
0.961632
0.972928
0.948538
0.965571
0.950548
0.9513
0.971152
0.960001
0.953216
0.967205
0.97356
1.00543
0.980097
0.97634
0.989292
0.98224
0.996266
0.979693
0.988971
0.986857
0.985306
1.01039
0.983805
0.993129
1.00239
0.998014
0.994924
1.02575
1.01538
1.00448
1.00383
1.02987
1.01324
0.990284
1.0011
1.02251
1.01153
1.02553
1.01622
1.01653
1.02742
1.05562
1.03489
1.02607
1.03683
1.04148
1.03292
1.05869
1.04163
1.03328
1.07019
1.05419
1.0646
1.05702
1.045
1.04781
1.06845
1.06172
1.05313
1.06351
1.09329
1.07856
1.06893
1.06832
1.07731
1.07218
1.07848
1.09594
1.08379
1.10111
1.08361
1.08762
1.08654
1.08096
1.1099
1.0873
1.09956
1.09964
1.13161
1.11533
1.11217
1.11862
1.11589
1.1199
1.12144
1.11633
1.10761
1.14884
1.12578
1.12105
1.14252
1.13766
1.12686
1.13255
1.11784
1.13463
1.16663
1.15223
1.14182
1.13239
1.14041
1.13752
1.15135
1.14864
1.15351
1.16212
1.16827
1.15823
1.17167
1.14898
1.15767
1.16519
1.12741
1.19422
1.1647
1.18037
1.17638
1.17472
1.19578
1.18518
1.20494
1.21696
1.21916
1.22262
1.19809
1.20349
1.20719
1.2286
1.23095
1.21376
1.25751
1.20413
1.22411
1.23101
1.2224
1.22277
1.22562
1.235
1.27393
1.23144
1.23916
1.24468
1.25489
1.25546
1.24846
1.26022
1.29754
1.25038
1.26199
1.28011
1.25622
1.27699
1.27311
1.27686
1.29718
1.27846
1.27246
1.28088
1.26182
1.25629
1.28732
1.30451
1.2931
1.29193
1.2893
1.28224
1.27358
1.30134
1.3033
1.32754
1.28307
1.28506
1.32057
1.31577
1.30786
1.29556
1.30154
1.35567
1.30898
1.31624
1.30361
1.32472
1.36829
1.33306
1.34202
1.32883
1.3238
1.33226
1.32559
1.34606
1.32494
1.33819
1.36763
1.34209
1.34877
1.3363
1.35461
1.36661
1.35324
1.38731
1.38171
1.36575
1.36303
1.37671
1.36657
1.3496
1.38456
1.39542
1.37011
1.38737
1.37758
1.36979
1.40251
1.39372
1.41647
1.39696
1.39662
1.37974
1.40662
1.39736
1.40355
1.42934
1.42131
1.40522
1.40671
1.43442
1.43515
1.39567
1.44999
1.40687
1.439
1.43087
1.42059
1.43427
1.43734
1.46531
1.42823
1.44034
1.43693
1.42605
1.4361
1.44358
1.47736
1.45136
1.47331
1.44829
1.45876
1.46651
1.4537
1.49294
1.4695
1.48405
1.46524
1.47065
1.47593
1.51384
1.48278
1.48544
1.4941
1.47803
1.49704
1.50416
1.52252
1.5088
1.50002
1.49691
1.49583
1.51959
1.51617
1.54587
1.5221
1.53154
1.51588
1.52658
1.53577
1.55027
1.55557
1.54834
1.53894
1.55377
1.55187
1.54364
1.56628
1.54658
1.55236
1.56989
1.55831
1.55428
1.58814
1.57483
1.56195
1.57584
1.57272
1.57704
1.59238
1.59266
1.57635
1.59967
1.58455
1.60164
1.5892
1.60567
1.57349
1.57604
1.60206
1.62691
1.61005
1.61988
1.62192
1.62242
1.60443
1.60662
1.62404
1.65046
1.62265
1.63755
1.6228
1.62303
1.64354
1.66369
1.63874
1.62902
1.62987
1.6657
1.66778
1.68311
1.67191
1.68076
1.64864
1.68181
1.67963
1.71779
1.70103
1.68905
1.66915
1.66815
1.68581
1.71294
1.69125
1.70426
1.69879
1.68266
1.69746
1.7295
1.7043
1.70029
1.69708
1.69714
1.70443
1.76032
1.71522
1.72426
1.73711
1.7229
1.76221
1.76392
1.73146
1.75224
1.76316
1.75549
1.75684
1.76665
1.75233
1.74973
1.73411
1.74896
1.79403
1.76174
1.76285
1.74963
1.78396
1.78466
1.80066
1.7688
1.77867
1.79365
1.79434
1.81176
1.80513
1.78803
1.79671
1.81629
1.81156
1.83102
1.80362
1.80913
1.81148
1.81015
1.82612
1.82455
1.82444
1.83198
1.83535
1.83381
1.87055
1.87787
1.8403
1.86986
1.86151
1.91206
1.87007
1.8909
1.87159
1.87493
1.90808
1.9192
1.8898
1.8877
1.89478
1.90243
1.89057
1.91377
1.89118
1.94131
1.92503
1.89111
1.92115
1.8947
1.9416
1.91599
1.95336
1.94035
1.92995
1.94814
1.95456
1.93167
1.94157
1.94248
1.92841
1.96861
1.94574
1.93393
1.9453
1.94168
1.97458
1.96492
1.96209
1.96622
1.93605
1.99864
1.96599
1.96829
1.98421
1.99376
1.99012
1.97456
1.97425
1.99293
1.98607
2.0278
1.99264
2.00722
1.99251
2.00394
2.03192
2.0184
2.02012
2.01008
2.02802
2.06255
2.01976
2.0482
2.02393
2.04711
2.0785
2.02938
2.0564
2.04462
2.04456
2.08882
2.04229
2.05084
2.05531
2.05585
2.09861
2.09901
2.04615
2.07547
2.09173
2.09581
2.09422
2.07474
2.10447
2.10215
2.06372
2.06765
2.11417
2.11736
2.15545
2.12623
2.12742
2.11832
2.1219
2.15458
2.12145
2.13385
2.13736
2.16852
2.1479
2.1574
2.13995
2.15443
2.18065
2.15704
2.16971
2.17131
2.17707
2.17617
2.14821
2.16371
2.14386
2.18916
2.16866
2.17635
2.17245
2.2001
2.22655
2.18666
2.19766
2.1802
2.25346
2.20653
2.21422
2.23179
2.26344
2.28203
2.22548
2.28122
2.27214
2.32328
2.29039
2.2941
2.29153
2.30957
2.31483
2.31462
2.3144
2.29836
2.33539
2.30259
2.32056
2.28768
2.34791
2.32843
2.34331
2.33153
2.33532
2.33717
2.35787
2.3561
2.34797
2.35958
2.32654
2.33509
2.36365
2.39373
2.34437
2.53456
2.56642
2.43767
2.42261
2.3932
2.39548
2.40571
2.35693
2.37344
2.36905
2.39762
2.38753
2.39721
2.3888
2.41447
2.46614
2.4063
2.41473
2.41791
2.4898
2.42004
2.42842
2.4191
2.43737
2.44852
2.43851
2.42458
2.46949
2.45944
2.43603
2.44275
2.4846
2.45814
2.45218
2.49145
2.71321
2.46446
2.54655
2.48431
2.53952
2.4862
2.5172
2.49981
2.53129
2.50106
2.51909
2.5205
2.54766
2.51522
2.50347
2.49449
2.53572
2.52549
2.53097
2.53447
2.5536
2.53256
2.51998
2.51373
2.55502
2.53771
2.51226
2.55393
2.58255
2.57176
2.57329
2.58507
2.61029
2.59913
2.59361
2.57846
2.58978
2.59233
2.59097
2.6215
2.59272
2.60248
2.62262
2.65325
2.61684
2.6209
2.631
2.63058
2.6422
2.59194
2.60505
2.64433
2.63352
2.63936
2.63257
2.6559
2.65797
2.66486
2.67252
2.66473
2.66062
2.64946
2.68845
2.66221
2.6898
2.66855
2.69123
2.69709
2.6858
2.72021
2.72712
2.70303
2.70714
2.76432
2.71166
2.7429
2.74056
2.75105
2.75016
2.76385
2.76218
2.79456
2.76083
2.77166
2.75469
2.77581
2.77556
2.80392
2.79732
2.75209
2.78301
2.77355
2.75421
2.76599
2.81702
2.76216
2.79153
2.81609
2.80848
2.78493
2.78816
2.84057
2.81462
2.81644
2.83289
2.85196
2.83547
2.8275
2.86696
2.85529
2.84876
2.85885
2.87943
2.84841
2.82711
2.86771
2.87159
2.84914
2.84516
2.90778
2.86748
2.88756
2.89128
2.88537
2.86085
2.89626
2.87928
2.90037
2.8803
2.94219
2.94595
2.93045
2.96971
2.93764
2.9495
2.90527
2.96185
2.95241
2.94655
2.97637
2.94972
2.94006
2.96503
2.97767
2.98686
2.94837
2.98293
2.95465
2.96653
3.00184
2.9761
2.9696
2.97954
2.99829
2.97897
2.97575
3.035
2.99585
2.99307
3.05229
3.00745
3.00044
3.03084
3.04613
3.03246
3.02199
3.03007
3.04752
3.0102
3.02188
3.04731
3.02828
3.02926
3.0666
3.08531
3.10519
3.0706
3.04937
3.06697
3.08928
3.08206
3.0557
3.08825
3.07116
3.0731
3.09015
3.09847
3.0981
3.10644
3.10805
3.0994
3.08967
3.1311
3.11185
3.1207
3.15605
3.13438
3.12757
3.14777
3.10962
3.12762
3.13237
3.17785
3.14257
3.14785
3.16886
3.15461
3.14087
3.17028
3.18109
3.14185
3.24684
3.16543
3.17972
3.21826
3.20264
3.19474
3.21909
3.22595
3.17744
3.20884
3.23172
3.19163
3.20749
3.24883
3.22963
3.21357
3.24246
3.22565
3.20964
3.26231
3.21404
3.21738
3.26564
3.21725
3.23883
3.28029
3.26338
3.2491
3.29237
3.26923
3.26764
3.27825
3.27373
3.27501
3.30647
3.30745
3.2822
3.34518
3.30797
3.29366
3.33486
3.3324
3.3283
3.36113
3.29306
3.32713
3.37678
3.34172
3.33566
3.36067
3.35392
3.34399
3.40156
3.41338
3.3907
3.50435
3.42616
3.39696
3.42539
3.43963
3.407
3.40533
3.40743
3.41291
3.40165
3.44097
3.45811
3.42488
3.4264
3.44643
3.43058
3.45139
3.50748
3.45544
3.4563
3.48793
3.46398
3.50767
3.47701
3.48594
3.50639
3.50427
3.51163
3.53391
3.49308
3.48432
3.52595
3.47352
3.50603
3.54944
3.51705
3.50134
3.55444
3.51261
3.52077
3.56225
3.52882
3.56155
3.53465
3.56772
3.5727
3.59911
3.55476
3.58924
3.55196
3.57301
3.59321
3.59785
3.58629
3.62221
3.59716
3.61924
3.5982
3.61359
3.63778
3.63299
3.61427
3.634
3.62304
3.63019
3.68322
3.65789
3.71575
3.63666
3.64274
3.67051
3.65137
3.66326
3.7466
3.68115
3.70193
3.72465
3.66184
3.68658
3.6701
3.64533
3.70263
3.69289
3.71171
3.71445
3.69813
3.68411
3.68411
3.70763
3.72603
3.70692
3.71569
3.78118
3.73207
3.7494
3.76984
3.74898
3.75064
3.76045
3.74404
3.78958
3.73859
3.78925
3.81654
3.76873
3.81676
3.77722
3.76962
3.81475
3.79855
3.80123
3.80436
3.8037
3.8348
3.78348
3.80416
3.82259
3.81923
3.82696
3.82119
3.81674
3.87434
3.85017
3.84232
3.85481
3.83043
3.90348
3.85972
3.8764
3.90851
3.87257
3.88171
3.8725
3.88412
3.90354
3.87828
3.92002
3.92393
3.87284
3.93907
3.88918
3.92618
3.95914
3.94105
3.9415
3.95716
3.95023
3.95974
3.93552
4.00233
3.99467
4.00751
4.04382
3.97321
3.94834
3.96044
3.95109
3.99621
3.98142
4.00371
4.0818
4.00392
4.02183
3.98762
4.06128
4.01385
4.03341
4.00908
4.04719
4.04087
4.11417
4.11666
4.08229
4.09851
4.05841
4.06144
4.07767
4.06099
4.06914
4.04582
4.09613
4.08399
4.08661
4.11049
4.06164
4.10949
4.06639
4.09693
4.08903
4.09963
4.09511
4.13014
4.14346
4.14357
4.10234
4.14018
4.13872
4.14177
4.19686
4.18627
4.22719
4.36401
4.26207
4.18067
4.21966
4.21515
4.19324
4.22383
4.22387
4.26441
4.20453
4.22856
4.28405
4.2823
4.25927
4.24893
4.26153
4.32424
4.34722
4.38588
4.29383
4.30063
4.25411
4.24172
4.26078
4.39397
4.38411
4.27759
4.30871
4.2645
4.28436
4.28062
4.25782
4.30168
4.24742
4.29513
4.26171
4.26287
4.29823
4.27183
4.31128
4.2785