2.8e-05
0.000132
0.000166
0.000259
0.000343
0.000416
0.000498
0.000593
0.000681
0.000817
0.000864
0.001023
0.001101
0.001335
0.001349
0.001498
0.001556
0.001672
0.00183
0.001883
0.001886
0.001932
0.001964
0.00209
0.002254
0.002427
0.002523
0.00244
0.002647
0.002781
0.002893
0.002995
0.003074
0.003562
0.003394
0.004781
0.003574
0.003683
0.003706
0.003788
0.003945
0.004291
0.004133
0.004735
0.004488
0.004405
0.004565
0.004618
0.004807
0.00495
0.005063
0.005056
0.005486
0.005647
0.005373
0.005412
0.005632
0.005709
0.006204
0.005951
0.006087
0.006166
0.006571
0.007212
0.00663
0.006788
0.006813
0.007131
0.007098
0.007209
0.007241
0.007335
0.007676
0.007792
0.008038
0.007814
0.007883
0.007907
0.007823
0.007897
0.007979
0.008103
0.009242
0.008552
0.008693
0.008886
0.008908
0.008869
0.009047
0.009484
0.009279
0.009213
0.009424
0.009631
0.00977
0.009888
0.010152
0.010053
0.011438
0.01048
0.010574
0.01062
0.010908
0.010846
0.011276
0.011164
0.011405
0.011349
0.011403
0.011504
0.017321
0.012151
0.011742
0.011834
0.012215
0.012042
0.012387
0.012494
0.012503
0.012834
0.012849
0.014728
0.013166
0.013356
0.013052
0.01364
0.013245
0.013447
0.013514
0.01393
0.013609
0.014287
0.015185
0.014125
0.015471
0.016518
0.014932
0.015526
0.014985
0.015366
0.014677
0.015903
0.014934
0.01514
0.015215
0.015322
0.015315
0.01546
0.015597
0.01573
0.016272
0.027059
0.018176
0.017014
0.0175
0.020679
0.017294
0.017163
0.019551
0.017746
0.018827
0.018522
0.017933
0.018017
0.018356
0.018293
0.018748
0.018419
0.018659
0.01863
0.018834
0.018833
0.018856
0.019041
0.020238
0.019315
0.019142
0.019386
0.019749
0.02011
0.020468
0.02327
0.020356
0.020304
0.020282
0.020629
0.021001
0.020889
0.022157
0.02094
0.021037
0.021099
0.021244
0.021394
0.021781
0.023573
0.023895
0.022428
0.02241
0.022469
0.022633
0.023583
0.023552
0.02325
0.023158
0.02333
0.023267
0.023308
0.023862
0.023478
0.02391
0.023868
0.024019
0.024226
0.02492
0.02421
0.024573
0.024522
0.024815
0.024547
0.027038
0.025044
0.02505
0.024959
0.025266
0.026231
0.024823
0.026118
0.024724
0.025409
0.02544
0.02754
0.026035
0.026111
0.026224
0.026305
0.026987
0.029264
0.026329
0.026674
0.026835
0.027435
0.030255
0.028862
0.026935
0.026923
0.027686
0.028391
0.029456
0.0276
0.027817
0.027417
0.027724
0.027327
0.028708
0.028249
0.027883
0.033631
0.048134
0.02881
0.028718
0.028869
0.030048
0.029154
0.029205
0.029576
0.029908
0.031555
0.030074
0.031636
0.030888
0.030712
0.030073
0.031075
0.031384
0.030872
0.034237
0.030793
0.034258
0.030839
0.031824
0.032695
0.031919
0.031331
0.031998
0.033038
0.032272
0.032943
0.031812
0.031441
0.037135
0.031899
0.032031
0.032804
0.033507
0.033826
0.034049
0.035023
0.036177
0.032818
0.033135
0.036039
0.033392
0.03555
0.038851
0.035073
0.03529
0.034676
0.035775
0.034484
0.034855
0.037228
0.035509
0.03472
0.03699
0.037383
0.034918
0.036261
0.035452
0.036709
0.035334
0.03536
0.035832
0.048815
0.038421
0.036691
0.038318
0.036786
0.036936
0.036742
0.03784
0.037522
0.037607
0.037425
0.037939
0.037129
0.037843
0.03809
0.042046
0.042556
0.03935
0.040363
0.041362
0.039174
0.038883
0.038905
0.040232
0.039717
0.039186
0.039696
0.039516
0.039789
0.039268
0.041844
0.042845
0.039813
0.040071
0.041577
0.040444
0.040485
0.045319
0.041249
0.041214
0.041439
0.042063
0.041089
0.041101
0.042116
0.041918
0.043663
0.041929
0.043959
0.041506
0.04235
0.044207
0.042716
0.04323
0.044928
0.043996
0.043284
0.043153
0.044075
0.04494
0.04456
0.045593
0.042891
0.044035
0.043911
0.044869
0.043783
0.045523
0.047723
0.043894
0.0447
0.066183
0.051278
0.049403
0.046989
0.048089
0.047051
0.04755
0.047733
0.047635
0.048498
0.047854
0.049941
0.053994
0.04749
0.04703
0.049718
0.046888
0.047177
0.048274
0.047177
0.048446
0.051173
0.047228
0.049081
0.049378
0.047773
0.048263
0.049454
0.048409
0.047719
0.048778
0.049123
0.047977
0.04979
0.04952
0.049551
0.055115
0.048796
0.049405
0.050452
0.050911
0.049919
0.055571
0.052461
0.049627
0.054278
0.050075
0.050863
0.051098
0.050878
0.0529
0.051452
0.050518
0.052951
0.051256
0.051218
0.052683
0.05191
0.05162
0.053486
0.054524
0.054988
0.052315
0.053323
0.053366
0.052905
0.052781
0.054499
0.05319
0.054526
0.055447
0.056922
0.055602
0.053935
0.0554
0.056196
0.054416
0.058629
0.055151
0.055024
0.058212
0.055804
0.055163
0.055597
0.054932
0.057062
0.058791
0.056078
0.057
0.056166
0.05662
0.058467
0.055671
0.056652
0.057045
0.055805
0.057822
0.056299
0.056524
0.062988
0.058053
0.061289
0.059883
0.06025
0.061136
0.057803
0.060012
0.059665
0.058973
0.058286
0.057978
0.060665
0.059256
0.063478
0.06085
0.060757
0.060225
0.059886
0.059978
0.058526
0.058781
0.060782
0.060285
0.064039
0.059484
0.061431
0.061215
0.061773
0.062468
0.061996
0.061629
0.062941
0.061649
0.06441
0.062098
0.063221
0.064556
0.065919
0.063753
0.063343
0.064603
0.063892
0.063968
0.067305
0.067446
0.062273
0.064381
0.063435
0.063138
0.068879
0.064827
0.067451
0.064874
0.066136
0.065495
0.065859
0.065005
0.065298
0.067263
0.06674
0.073779
0.064992
0.065409
0.064792
0.067543
0.065823
0.066835
0.074806
0.06905
0.068878
0.069372
0.068832
0.069193
0.07028
0.068231
0.07196
0.069492
0.067031
0.06761
0.067856
0.069265
0.06682
0.069725
0.068711
0.06992
0.068442
0.072542
0.070996
0.068987
0.069444
0.068784
0.069226
0.073292
0.071785
0.070673
0.06897
0.070241
0.069574
0.073366
0.068771
0.071059
0.071077
0.074299
0.072173
0.072859
0.071309
0.072161
0.070443
0.075403
0.070121
0.072966
0.071152
0.073584
0.074405
0.073632
0.071002
0.072902
0.075282
0.071572
0.07209
0.072926
0.073507
0.073447
0.075435
0.077017
0.07657
0.075289
0.07544
0.075059
0.075798
0.075101
0.075378
0.075164
0.074421
0.077407
0.073311
0.076007
0.076377
0.078351
0.07706
0.07745
0.076001
0.079082
0.073876
0.079112
0.074997
0.076728
0.074826
0.077019
0.074036
0.080904
0.076801
0.076904
0.078508
0.077723
0.078377
0.078018
0.078819
0.080218
0.07853
0.079479
0.079571
0.079784
0.081029
0.078591
0.080318
0.079415
0.078728
0.079825
0.079778
0.080111
0.078402
0.081937
0.086999
0.082289
0.079514
0.081476
0.079854
0.079945
0.080372
0.080742
0.084363
0.081227
0.080176
0.080492
0.083378
0.082501
0.08225
0.086244
0.083995
0.083443
0.082612
0.099558
0.088778
0.085939
0.087194
0.086165
0.086542
0.087248
0.088702
0.085803
0.083341
0.084864
0.084198
0.084377
0.083388
0.084976
0.086282
0.085426
0.08508
0.083698
0.08511
0.083239
0.088618
0.084799
0.084331
0.090292
0.087071
0.089522
0.08577
0.086364
0.085578
0.084372
0.086887
0.094194
0.087812
0.084697
0.087904
0.08725
0.087428
0.087037
0.088268
0.087627
0.087175
0.087455
0.088025
0.089748
0.087722
0.089749
0.093977
0.089076
0.087997
0.087912
0.090285
0.087105
0.088184
0.088933
0.089672
0.092987
0.089405
0.088509
0.092798
0.09398
0.087512
0.091273
0.091521
0.089811
0.090981
0.091316
0.094967
0.09261
0.093737
0.091951
0.089057
0.090378
0.090346
0.091669
0.096029
0.092749
0.094041
0.094102
0.090093
0.091353
0.089909
0.089515
0.095345
0.090959
0.092851
0.092051
0.091852
0.092689
0.094409
0.096611
0.092425
0.093297
0.092772
0.094472
0.092697
0.093816
0.093735
0.093234
0.100181
0.096191
0.092852
0.095218
0.094285
0.0932
0.113585
0.100601
0.100311
0.097521
0.100968
0.098876
0.099328
0.097737
0.095961
0.098125
0.099045
0.097246
0.097498
0.098042
0.099418
0.097729
0.102234
0.097358
0.098399
0.097825
0.099509
0.102389
0.100163
0.098288
0.104545
0.101914
0.099164
0.099673
0.099971
0.099292
0.101027
0.099927
0.099725
0.101802
0.101356
0.099158
0.099968
0.101697
0.098917
0.100927
0.111791
0.099579
0.100358
0.105582
0.104287
0.102989
0.102672
0.105971
0.102013
0.101092
0.104561
0.101849
0.103545
0.107552
0.104027
0.102221
0.105415
0.104192
0.103016
0.107492
0.103548
0.112058
0.109963
0.104064
0.106156
0.106451
0.107396
0.108098
0.108203
0.106304
0.107538
0.107201
0.105544
0.105259
0.106458
0.110362
0.106523
0.111321
0.104752
0.112366
0.104637
0.107807
0.110668
0.110487
0.106991
0.108496
0.110165
0.106514
0.110155
0.109961
0.107332
0.113375
0.112288
0.11401
0.10952
0.110372
0.113784
0.116739
0.109173
0.1112
0.10956
0.111501
0.114104
0.115383
0.110519
0.110218
0.108928
0.110128
0.107852
0.110353
0.112842
0.113122
0.109146
0.109576
0.11589
0.111012
0.109412
0.112373
0.112527
0.114549
0.112839
0.110947
0.112664
0.115564
0.109585
0.111234
0.111406
0.113603
0.111892
0.112944
0.118471
0.113475
0.115753
0.115028
0.114166
0.115724
0.116693
0.114282
0.115329
0.113033
0.11526
0.119877
0.120544
0.119162
0.114691
0.115045
0.115981
0.120601
0.117673
0.117166
0.115835
0.118177
0.119039
0.118884
0.118894
0.11832
0.116863
0.118589
0.116729
0.121687
0.116384
0.118153
0.123828
0.126395
0.119753
0.117927
0.117772
0.122188
0.118423
0.117473
0.117775
0.117339
0.116468
0.117067
0.129858
0.125489
0.12081
0.121476
0.122119
0.124221
0.120754
0.123709
0.123303
0.119425
0.123192
0.11943
0.121343
0.120391
0.121946
0.121161
0.119064
0.120572
0.121255
0.124464
0.123497
0.124915
0.120448
0.120546
0.122605
0.127024
0.121266
0.122268
0.121715
0.122918
0.125636
0.12427
0.127758
0.124986
0.124286
0.123349
0.129122
0.128271
0.12522
0.126987
0.126927
0.125725
0.124539
0.124888
0.125047
0.125204
0.123728
0.12387
0.126522
0.124006
0.122514
0.128563
0.127779
0.124073
0.124955
0.131907
0.124202
0.125991
0.124776
0.123728
0.127434
0.127401
0.124815
0.125312
0.126113
0.128372
0.126638
0.134841
0.129689
0.12914
0.127906
0.126363
0.130475
0.128115
0.128418
0.126388
0.136548
0.132808
0.13177
0.134291
0.135515
0.131939
0.131007
0.133073
0.134813
0.134327
0.133168
0.131659
0.132847
0.133798
0.133273
0.131022
0.132197
0.131807
0.130193
0.131001
0.14264
0.130618
0.134165
0.132907
0.1364
0.13554
0.131913
0.131491
0.131685
0.135471
0.132563
0.134254
0.13451
0.132538
0.135667
0.134271
0.137715
0.132363
0.135062
0.132165
0.135877
0.145282
0.13986
0.140336
0.135079
0.13571
0.134687
0.137032
0.140155
0.136896
0.1352
0.136567
0.144082
0.138653
0.13823
0.136196
0.138446
0.138628
0.136091
0.136581
0.137142
0.13712
0.146299
0.137606
0.145171
0.138278
0.137668
0.139798
0.138714
0.157378
0.154078
0.142113
0.142262
0.142234
0.139292
0.146366
0.139941
0.142844
0.140859
0.141461
0.143936
0.140797
0.139911
0.139227
0.144105
0.144185
0.147209
0.14977
0.143834
0.148185
0.144338
0.146984
0.143276
0.144938
0.141023
0.143795
0.142896
0.141283
0.142954
0.140667
0.142898
0.144967
0.147015
0.143182
0.140364
0.145206
0.142834
0.142405
0.143601
0.14428
0.146233
0.145407
0.149613
0.143696
0.141865
0.146306
0.144736
0.14666
0.146951
0.145833
0.142045
0.143925
0.145502
0.142343
0.143422
0.152033
0.144308
0.151557
0.148071
0.148165
0.150008
0.147972
0.148583
0.148008
0.149284
0.15771
0.154904
0.151543
0.160376
0.148753
0.153931
0.153212
0.149528
0.150343
0.149096
0.152411
0.15628
0.156579
0.153733
0.152444
0.14927
0.201675
0.189053
0.166725
0.180391
0.154668
0.154489
0.154686
0.161692
0.156751
0.153266
0.153596
0.151954
0.161736
0.154681
0.160892
0.158109
0.159555
0.153513
0.150687
0.157863
0.155278
0.152266
0.155892
0.155549
0.15278
0.15086
0.156503
0.155679
0.159636
0.156558
0.154667
0.155778
0.156864
0.15345
0.158275
0.15921
0.153497
0.155222
0.157627
0.156573
0.154427
0.157853
0.159066
0.156954
0.163936
0.159227
0.159032
0.161304
0.160691
0.156781
0.164314
0.159696
0.15528
0.156458
0.15784
0.159269
0.158689
0.157429
0.160429
0.155933
0.1554
0.157579
0.156884
0.16238
0.159124
0.156086
0.15867
0.168332
0.157029
0.156032
0.156915
0.15772
0.15924
0.157082
0.157855
0.163174
0.15684
0.159598
0.158213
0.156128
0.160546
0.160241
0.160737
0.158305
0.156335
0.159109
0.166083
0.158635
0.157591
0.156657
0.160578
0.157024
0.160157
0.161146
0.161083
0.161537
0.159317
0.159749
0.160948
0.161305
0.163287
0.160399
0.159498
0.171489
0.169888
0.166436
0.163912
0.168763
0.162691
0.169622
0.166565
0.165756
0.161964
0.165861
0.164613
0.162715
0.16439
0.166305
0.166209
0.162431
0.164608
0.167645
0.165499
0.164077
0.163846
0.165181
0.166534
0.165866
0.163416
0.165051
0.166312
0.16652
0.171611
0.170955
0.16933
0.172126
0.171788
0.1661
0.170732
0.168943
0.171445
0.167515
0.168525
0.171247
0.169549
0.172425
0.169894
0.170521
0.16741
0.166931
0.169519
0.170311
0.171375
0.171569
0.173463
0.174621
0.17225
0.169021
0.168861
0.17122
0.187865
0.177575
0.178379
0.179743
0.172088
0.17301
0.171707
0.172987
0.174448
0.17005
0.171292
0.170314
0.177233
0.175854
0.172894
0.172291
0.17568
0.175713
0.178173
0.172558
0.173644
0.175352
0.172564
0.176283
0.171895
0.179647
0.176626
0.178803
0.184187
0.177876
0.176484
0.173941
0.18353
0.179423
0.178935
0.178359
0.184093
0.183982
0.181421
0.182014
0.178904
0.176824
0.186308
0.177538
0.176467
0.175635
0.176563
0.178835
0.17955
0.182842
0.17979
0.180855
0.178747
0.191932
0.181809
0.179878
0.185729
0.176627
0.179706
0.180789
0.1795
0.181523
0.1786
0.180354
0.17584
0.179721
0.181985
0.176162
0.186605
0.18234
0.182943
0.181883
0.179115
0.181716
0.180267
0.181877
0.177479
0.180988
0.183021
0.179177
0.181788
0.18061
0.184378
0.183266
0.18003
0.178362
0.182913
0.186198
0.180236
0.186165
0.180765
0.180688
0.191539
0.185326
0.186882
0.184825
0.186488
0.182135
0.182212
0.183747
0.190165
0.18772
0.184467
0.186176
0.183746
0.199658
0.192359
0.18703
0.190155
0.188447
0.184748
0.191468
0.186766
0.189538
0.1838
0.185711
0.183396
0.185891
0.186424
0.186137
0.184458
0.186352
0.187097
0.190541
0.196396
0.183178
0.185263
0.187916
0.185872
0.185376
0.184527
0.185732
0.189502
0.192506
0.191079
0.18832
0.187819
0.189457
0.188387
0.190844
0.191533
0.187389
0.194191
0.190968
0.192054
0.191295
0.188203
0.191741
0.187962
0.189794
0.190433
0.187956
0.193343
0.191655
0.189917
0.213027
0.195863
0.19551
0.197825
0.191019
0.192119
0.193294
0.190355
0.190439
0.202724
0.188282
0.19369
0.199834
0.189203
0.189824
0.192537
0.192397
0.188609
0.199351
0.190877
0.191071
0.19128
0.201433
0.192708
0.195013
0.193155
0.191153
0.192684
0.201251
0.194344
0.190943
0.201032
0.195383
0.194651
0.195526
0.194407
0.199099
0.197964
0.203277
0.194741
0.193421
0.197309
0.199465
0.205477
0.195477
0.195087
0.19693
0.201551
0.197715
0.206498
0.202912
0.206031
0.202573
0.20021
0.20373
0.199158
0.198533
0.205185
0.199804
0.196614
0.198987
0.204081
0.202738
0.20286
0.198843
0.199395
0.205419
0.204332
0.201619
0.201377
0.202132
0.20416
0.203695
0.205362
0.202127
0.204689
0.20292
0.200521
0.205775
0.200946
0.204079
0.203663
0.201176
0.206865
0.204757
0.204372
0.201565
0.202821
0.203911
0.208237
0.206072
0.205601
0.204334
0.20629
0.207789
0.215453
0.218836
0.211025
0.213575
0.205733
0.204013
0.210166
0.206164
0.207467
0.206635
0.205707
0.207141
0.206287
0.208803
0.203501
0.206802
0.207307
0.210219
0.213054
0.214535
0.207107
0.203569
0.20567
0.206026
0.206615
0.205919
0.205895
0.209454
0.204374
0.206346
0.211727
0.207279
0.207189
0.209582
0.214744
0.208934
0.215794
0.228629
0.212402
0.207298
0.210943
0.214299
0.21537
0.214041
0.212617
0.214194
0.219755
0.216395
0.213574
0.2164
0.209593
0.21504
0.211846
0.212124
0.221967
0.211914
0.211923
0.214358
0.217917
0.214058
0.214729
0.210639
0.21285
0.21635
0.209498
0.217455
0.212654
0.214008
0.212664
0.211476
0.212613
0.211726
0.217886
0.21267
0.212313
0.216379
0.212073
0.213693
0.215847
0.21232
0.214757
0.217474
0.217391
0.215688
0.215916
0.218409
0.214063
0.219907
0.216036
0.217301
0.224704
0.222227
0.215436
0.218122
0.217642
0.214987
0.228106
0.219307
0.218483
0.224825
0.218931
0.214661
0.219073
0.213518
0.217314
0.219601
0.227546
0.22134
0.218059
0.215341
0.224868
0.213503
0.216725
0.220692
0.216514
0.21874
0.228518
0.21734
0.218994
0.219584
0.220427
0.219531
0.222876
0.215433
0.220034
0.230247
0.220109
0.223383
0.228411
0.217469
0.226315
0.222777
0.219888
0.242802
0.229094
0.227931
0.222103
0.221214
0.223562
0.222055
0.2223
0.221315
0.226288
0.221557
0.222618
0.226838
0.223173
0.230508
0.226057
0.225533
0.22325
0.240956
0.227004
0.2263
0.223389
0.223747
0.228062
0.225045
0.223321
0.230315
0.222756
0.226232
0.223355
0.2264
0.227088
0.225791
0.228968
0.237061
0.224451
0.223772
0.22973
0.23432
0.230007
0.227118
0.231007
0.237631
0.234395
0.233353
0.233299
0.234497
0.237448
0.234153
0.228552
0.232714
0.233656
0.227117
0.230776
0.23219
0.230841
0.232983
0.234157
0.227102
0.237466
0.2331
0.240233
0.237831
0.233547
0.237623
0.233933
0.228464
0.232374
0.237129
0.235698
0.230152
0.235232
0.230763
0.231414
0.23183
0.229839
0.243485
0.234871
0.238382
0.232659
0.240532
0.239239
0.230694
0.254274
0.238305
0.242955
0.238058
0.234264
0.239429
0.240571
0.231033
0.235509
0.232761
0.236227
0.248741
0.248072
0.238001
0.232588
0.238066
0.236468
0.238671
0.230749
0.236334
0.238475
0.234727
0.230862
0.230888
0.235024
0.246784
0.233972
0.235843
0.240407
0.235844
0.235845
0.234765
0.240232
0.241813
0.236389
0.236051
0.240916
0.239112
0.242674
0.236645
0.249242
0.246917
0.251602
0.23865
0.237852
0.245388
0.244761
0.241051
0.241786
0.24562
0.250282
0.243544
0.25048
0.24607
0.241853
0.243325
0.243448
0.250256
0.239124
0.25211
0.243803
0.24231
0.239329
0.246113
0.246045
0.241458
0.245849
0.242887
0.246535
0.244365
0.241634
0.24247
0.258555
0.242002
0.246824
0.244973
0.244269
0.241626
0.250625
0.253522
0.247365
0.252545
0.24677
0.246423
0.2503
0.241986
0.247787
0.24186
0.246252
0.250119
0.252495
0.244255
0.24852
0.248664
0.245293
0.242736
0.251672
0.244323
0.24704
0.247315
0.249509
0.246042
0.24807
0.249511
0.241706
0.25027
0.244385
0.242714
0.243737
0.245277
0.248133
0.254336
0.242182
0.245644
0.247197
0.244365
0.245506
0.268775
0.248378
0.249687
0.247069
0.249316
0.247336
0.249753
0.251662
0.247436
0.25131
0.250053
0.245693
0.254286
0.251123
0.246281
0.249338
0.25029
0.251919
0.247858
0.250238
0.252116
0.248249
0.25407
0.250606
0.251832
0.256636
0.249669
0.249246
0.254449
0.251446
0.251967
0.251201
0.253955
0.250947
0.258097
0.251738
0.250255
0.252414
0.269379
0.256982
0.259115
0.252659
0.254387
0.252177
0.2537
0.257682
0.255897
0.256902
0.253739
0.255774
0.256471
0.255763
0.254948
0.252118
0.261432
0.25932
0.260326
0.25482
0.256896
0.253941
0.257808
0.25068
0.25555
0.253931
0.252598
0.256195
0.259234
0.251956
0.250801
0.257453
0.260337
0.254296
0.256942
0.257453
0.254867
0.263083
0.266177
0.264582
0.270354
0.257251
0.257025
0.257724
0.259346
0.256701
0.260035
0.260343
0.257904
0.268534
0.257747
0.256274
0.267793
0.259433
0.264644
0.257831
0.258493
0.259202
0.257686
0.257339
0.261277
0.25721
0.260772
0.259126
0.259824
0.257041
0.260536
0.255778
0.265898
0.265274
0.258546
0.259001
0.264173
0.257591
0.272927
0.267165
0.268404
0.258213
0.263905
0.257996
0.266266
0.25823
0.260672
0.26815
0.264448
0.262452
0.266374
0.260086
0.259113
0.26033
0.260576
0.266705
0.265218
0.262427
0.257377
0.263949
0.260263
0.262906
0.271032
0.262168
0.270662
0.265209
0.262972
0.265234
0.262833
0.267169
0.267049
0.26582
0.265278
0.267167
0.278812
0.270088
0.272233
0.267726
0.268171
0.268669
0.267518
0.268262
0.269419
0.274683
0.268527
0.268297
0.268598
0.27252
0.267633
0.268962
0.2719
0.274159
0.27598
0.270321
0.270619
0.265511
0.271565
0.269612
0.274529
0.268484
0.271995
0.269839
0.271862
0.268583
0.279044
0.275484
0.273678
0.273065
0.273023
0.295473
0.279361
0.277895
0.281071
0.276816
0.268489
0.279849
0.26957
0.28233
0.282658
0.280686
0.28336
0.278753
0.275576
0.276897
0.276525
0.285627
0.281093
0.275249
0.281763
0.275942
0.276972
0.276552
0.281133
0.282077
0.277383
0.279071
0.282298
0.278738
0.277788
0.278323
0.282953
0.279546
0.289598
0.293411
0.28249
0.280208
0.278929
0.284774
0.278722
0.278034
0.283144
0.279123
0.282001
0.280895
0.280855
0.283655
0.284243
0.285573
0.284794
0.279298
0.286388
0.288132
0.282481
0.280088
0.279682
0.287665
0.282244
0.283127
0.28299
0.28408
0.278447
0.28716
0.288654
0.292293
0.284299
0.282172
0.291112
0.291621
0.28798
0.283608
0.287736
0.28369
0.284028
0.285784
0.286712
0.289446
0.286466
0.292608
0.284182
0.282703
0.283917
0.283581
0.289336
0.285375
0.288523
0.286411
0.282541
0.286649
0.288231
0.29087
0.288243
0.283985
0.289772
0.289129
0.286753
0.295507
0.290408
0.288739
0.290829
0.297303
0.29468
0.289605
0.290787
0.289744
0.294233
0.292137
0.293606
0.296172
0.29817
0.294109
0.291595
0.289417
0.289506
0.295493
0.288283
0.290206
0.294794
0.295779
0.290184
0.29282
0.292213
0.289296
0.290623
0.295218
0.29546
0.291114
0.291126
0.291048
0.291232
0.296892
0.296697
0.304891
0.30646
0.298528
0.295048
0.294027
0.294979
0.293951
0.293645
0.293303
0.295297
0.296242
0.297725
0.294837
0.291425
0.290745
0.293827
0.297721
0.296942
0.300624
0.301712
0.298782
0.30224
0.302108
0.305634
0.297053
0.299908
0.297765
0.294014
0.298503
0.292419
0.295036
0.307619
0.303898
0.305901
0.306675
0.293192
0.299381
0.297429
0.292405
0.295645
0.298612
0.301035
0.295875
0.299807
0.304105
0.296943
0.29543
0.292996
0.292283
0.29764
0.29985
0.294838
0.292057
0.294466
0.296814
0.297387
0.29472
0.305354
0.297567
0.303305
0.297282
0.297577
0.304716
0.304445
0.301796
0.311312
0.304004
0.299402
0.300257
0.301862
0.30187
0.300888
0.306109
0.296215
0.296462
0.306636
0.305088
0.300332
0.307554
0.305291
0.301176
0.303645
0.310478
0.302197
0.301115
0.297252
0.309673
0.300309
0.305308
0.305853
0.300631
0.305193
0.303837
0.302766
0.309052
0.302938
0.321795
0.310409
0.303823
0.305523
0.302779
0.308731
0.305435
0.328835
0.31067
0.304302
0.307952
0.308078
0.306502
0.315987
0.308093
0.307427
0.309508
0.30789
0.309848
0.306044
0.310717
0.302922
0.312069
0.30553
0.309652
0.310091
0.308428
0.31546
0.316879
0.31421
0.319471
0.317602
0.316197
0.311393
0.31209
0.31043
0.312385
0.325835
0.310908
0.312767
0.315293
0.310312
0.317651
0.313492
0.311396
0.309951
0.310103
0.314168
0.321017
0.311349
0.312161
0.314809
0.312208
0.317135
0.316994
0.307029
0.312016
0.313355
0.312251
0.31691
0.312936
0.335273
0.321484
0.315432
0.314785
0.313215
0.320894
0.320342
0.314609
0.312464
0.315208
0.313155
0.313866
0.325927
0.313196
0.320365
0.315857
0.3151
0.318713
0.317975
0.318744
0.314474
0.315514
0.314534
0.31661
0.326052
0.314862
0.314561
0.31544
0.318298
0.32432
0.329409
0.326395
0.316647
0.323449
0.316058
0.319244
0.324498
0.314214
0.319003
0.317291
0.316981
0.315669
0.316721
0.315127
0.312221
0.315438
0.314811
0.313157
0.321042
0.31538
0.320635
0.320991
0.319019
0.317945
0.320635
0.321015
0.315698
0.322161
0.322937
0.335017
0.331977
0.3277
0.322687
0.320822
0.320162
0.316722
0.332848
0.322612
0.31832
0.32065
0.324418
0.327476
0.327847
0.321952
0.327171
0.321799
0.322303
0.322843
0.332839
0.319902
0.327462
0.322533
0.320445
0.332279
0.322049
0.322497
0.325223
0.332859
0.328696
0.336518
0.333799
0.323989
0.326809
0.328798
0.324819
0.323361
0.328147
0.324926
0.324751
0.324791
0.321232
0.330023
0.322568
0.322446
0.327698
0.320427
0.324527
0.323948
0.325818
0.324198
0.326874
0.324246
0.32691
0.331394
0.3228
0.334066
0.324042
0.328459
0.342091
0.333481
0.330135
0.334615
0.331732
0.327798
0.348261
0.331825
0.32567
0.331306
0.326979
0.327407
0.33096
0.328934
0.327834
0.328357
0.329743
0.327069
0.334457
0.326648
0.333098
0.329384
0.330227
0.329475
0.338755
0.331454
0.329561
0.338174
0.348573
0.337802
0.336257
0.332791
0.331604
0.328259
0.334758
0.33552
0.329241
0.328721
0.3317
0.331253
0.328634
0.330838
0.326429
0.332268
0.3299
0.336081
0.327522
0.339974
0.328915
0.330096
0.337997
0.333343
0.331164
0.335731
0.344576
0.335648
0.336017
0.351071
0.337091
0.338273
0.332159
0.337089
0.334206
0.339563
0.336179
0.334632
0.337418
0.340945
0.336217
0.337841
0.338805
0.335607
0.338436
0.335325
0.342944
0.342511
0.337493
0.339677
0.337826
0.336473
0.337271
0.350675
0.336591
0.34136
0.347582
0.361239
0.342957
0.345078
0.339417
0.338466
0.343607
0.33877
0.345507
0.339801
0.34341
0.339648
0.344321
0.337185
0.342574
0.341198
0.339253
0.345506
0.338873
0.349375
0.339588
0.343046
0.340026
0.342503
0.342925
0.344432
0.343674
0.350699
0.35304
0.35578
0.348202
0.347455
0.34372
0.345966
0.353954
0.344143
0.35807
0.344182
0.343994
0.353422
0.348589
0.349695
0.350576
0.345072
0.343427
0.349513
0.345422
0.348583
0.348058
0.346512
0.344331
0.345872
0.345402
0.349659
0.345831
0.351291
0.377047
0.35712
0.351851
0.352372
0.356078
0.35592
0.347739
0.34601
0.35127
0.347295
0.358669
0.346466
0.345473
0.355495
0.347443
0.348803
0.352259
0.353296
0.351458
0.351007
0.349835
0.355823
0.348157
0.348176
0.35563
0.352051
0.353767
0.367687
0.3572
0.353858
0.353187
0.350122
0.352848
0.353407
0.359612
0.356057
0.350341
0.35884
0.348245
0.354004
0.357822
0.353422
0.352564
0.35112
0.351641
0.354091
0.358934
0.354969
0.354877
0.360191
0.355751
0.364256
0.352099
0.350751
0.38468
0.361694
0.357727
0.357586
0.359505
0.356345
0.361085
0.358885
0.365408
0.356508
0.358016
0.354979
0.358981
0.358289
0.355341
0.354373
0.35636
0.357153
0.361079
0.360825
0.354704
0.35543
0.35685
0.366851
0.366469
0.360254
0.376198
0.373345
0.365048
0.369012
0.365284
0.365178
0.357018
0.365672
0.365522
0.371003
0.365115
0.362947
0.361785
0.374046
0.367637
0.366675
0.35901
0.362902
0.361604
0.365587
0.368955
0.356842
0.370111
0.361415
0.364642
0.359754
0.379223
0.367855
0.365994
0.366178
0.384799
0.366934
0.364143
0.363098
0.366095
0.366367
0.358456
0.358351
0.358772
0.358189
0.366803
0.363218
0.361705
0.35828
0.359558
0.364221
0.364193
0.362492
0.363981
0.364815
0.364044
0.366596
0.373669
0.380326
0.3771
0.367311
0.368004
0.377665
0.365003
0.372594
0.364908
0.366785
0.361978
0.366017
0.37142
0.372609
0.368083
0.367615
0.364561
0.368231
0.363887
0.37709
0.366446
0.376795
0.369643
0.370459
0.370067
0.378521
0.379658
0.374517
0.365844
0.372278
0.378487
0.369617
0.365765
0.375135
0.369021
0.374441
0.367769
0.373221
0.369781
0.374928
0.378817
0.369887
0.370906
0.376206
0.373659
0.385146
0.372447
0.377788
0.373146
0.374471
0.370997
0.393956
0.385597
0.383288
0.375709
0.38034
0.370393
0.377204
0.372968
0.377618
0.381538
0.376227
0.380621
0.378467
0.379305
0.383135
0.375892
0.382713
0.37607
0.378815
0.378225
0.378024
0.376817
0.373941
0.377732
0.378904
0.394228
0.38638
0.382558
0.37839
0.380128
0.384622
0.377693
0.379462
0.379174
0.387214
0.377192
0.381454
0.379997
0.380975
0.384954
0.383098
0.378986
0.380793
0.373105
0.384124
0.386399
0.38552
0.379837
0.385401
0.378232
0.378949
0.380356
0.385251
0.388872
0.389207
0.38729
0.388275
0.377631
0.380379
0.385432
0.384534
0.385858
0.3849
0.38287
0.383534
0.389245
0.399333
0.38705
0.395106
0.38693
0.394993
0.384925
0.389971
0.389627
0.387049
0.385573
0.384101
0.399212
0.385665
0.382997
0.390941
0.383054
0.38609
0.387844
0.391333
0.389478
0.386189
0.388212
0.383648
0.392724
0.390845
0.408086
0.389955
0.388075
0.389282
0.393195
0.390171
0.386482
0.387115
0.389125
0.38616
0.395703
0.388295
0.389323
0.392988
0.384966
0.388284
0.387583
0.389084
0.389287
0.382401
0.388094
0.393589
0.386821
0.392643
0.397012
0.396808
0.400392
0.387472
0.395928
0.394458
0.393227
0.393621
0.39142
0.399338
0.391905
0.396719
0.396292
0.398241
0.396407
0.392957
0.394564
0.399102
0.390877
0.39926
0.391019
0.389639
0.394414
0.394377
0.419085
0.401711
0.403586
0.395332
0.407425
0.394236
0.40018
0.392546
0.39864
0.410593
0.391173
0.393639
0.396981
0.389565
0.40235
0.397867
0.400846
0.407366
0.393202
0.397976
0.40355
0.40181
0.392129
0.405925
0.413435
0.395387
0.398047
0.40165
0.396288
0.396608
0.396607
0.398971
0.39637
0.40902
0.397477
0.408325
0.402564
0.392985
0.405907
0.39433
0.408434
0.400082
0.399241
0.404661
0.399781
0.400197
0.396949
0.400266
0.419922
0.408431
0.39951
0.406739
0.403853
0.399658
0.399854
0.403049
0.40161
0.402983
0.403903
0.397946
0.40847
0.404002
0.401537
0.402604
0.405165
0.402792
0.409586
0.404984
0.400374
0.401478
0.404563
0.431671
0.414534
0.404592
0.405086
0.402436
0.402992
0.40365
0.3982
0.403608
0.407278
0.411233
0.403498
0.405165
0.405821
0.406756
0.402472
0.405405
0.39966
0.405002
0.408957
0.403574
0.407093
0.402424
0.407671
0.42358
0.412233
0.408886
0.40415
0.410426
0.41524
0.407495
0.405911
0.40453
0.404967
0.408563
0.400976
0.40951
0.401915
0.41393
0.409549
0.413036
0.405596
0.411201
0.412636
0.409738
0.411033
0.407883
0.430684
0.41578
0.411579
0.416864
0.41412
0.411389
0.415079
0.408707
0.413951
0.419207
0.409672
0.42587
0.410633
0.417492
0.416603
0.417999
0.411741
0.410042
0.418817
0.415972
0.412054
0.415009
0.422998
0.425605
0.423242
0.419044
0.412634
0.422885
0.414212
0.414025
0.411033
0.417347
0.431033
0.419112
0.443359
0.418396
0.428047
0.416901
0.421509
0.415442
0.418859
0.421415
0.412983
0.419436
0.41569
0.439598
0.423114
0.415767
0.424459
0.417647
0.423581
0.421175
0.430134
0.421963
0.425467
0.425046
0.433973
0.415872
0.42422
0.431615
0.418727
0.420425
0.416532
0.41982
0.418507
0.417255
0.423497
0.435876
0.437881
0.423922
0.425354
0.422142
0.419128
0.427091
0.426587
0.426696
0.427993
0.427689
0.414978
0.425445
0.425131
0.426014
0.426639
0.425176
0.423743
0.426706
0.432819
0.423369
0.427967
0.42312
0.446234
0.428317
0.424883
0.425299
0.422632
0.433521
0.421306
0.431652
0.430954
0.429892
0.43826
0.441935
0.430224
0.429093
0.432143
0.428249
0.427957
0.427898
0.428341
0.440575
0.431947
0.42683
0.4535
0.438566
0.429297
0.42683
0.433817
0.430025
0.43519
0.435049
0.431298
0.437156
0.433553
0.439875
0.429923
0.43313
0.434556
0.434377
0.43578
0.431845
0.444498
0.435407
0.429206
0.433681
0.447
0.443253
0.438743
0.433305
0.438475
0.433223
0.440596
0.43147
0.440292
0.438283
0.445093
0.444166
0.43404
0.439726
0.438526
0.430279
0.442434
0.433611
0.453761
0.435752
0.436526
0.445075
0.446153
0.441352
0.439415
0.435874
0.441068
0.438427
0.439451
0.433615
0.44754
0.435051
0.442017
0.446244
0.440208
0.44443
0.444378
0.435583
0.436861
0.439638
0.434728
0.443621
0.439149
0.445352
0.454187
0.443506
0.435307
0.441325
0.446115
0.446555
0.438428
0.448282
0.43787
0.439476
0.440892
0.437085
0.446819
0.437276
0.446924
0.442021
0.438932
0.443454
0.436575
0.446679
0.444392
0.464707
0.442186
0.43803
0.443682
0.443289
0.444165
0.439717
0.441385
0.439364
0.444172
0.44016
0.437798
0.457495
0.442413
0.442682
0.44857
0.442413
0.448067
0.440973
0.445868
0.436551
0.457887
0.451914
0.442205
0.446075
0.440169
0.446917
0.438062
0.450407
0.440814
0.450684
0.444603
0.451691
0.442903
0.450356
0.451073
0.446429
0.446995
0.442921
0.449977
0.442467
0.4499
0.462926
0.452609
0.449982
0.449624
0.446595
0.458538
0.445701
0.452211
0.446171
0.443293
0.450127
0.447142
0.446325
0.445083
0.446617
0.446399
0.455445
0.450511
0.446795
0.452315
0.455237
0.444874
0.458735
0.458245
0.452785
0.448948
0.453074
0.44858
0.45407
0.451399
0.446233
0.450432
0.454835
0.463799
0.447672
0.454589
0.449715
0.458073
0.454052
0.452139
0.451413
0.448167
0.460053
0.45957
0.458531
0.459084
0.455342
0.45579
0.452487
0.452671
0.460031
0.454481
0.457775
0.451866
0.462945
0.459103
0.451575
0.450632
0.456026
0.454325
0.455372
0.448252
0.466588
0.453511
0.470172
0.456618
0.454867
0.458939
0.457679
0.453895
0.462719
0.47186
0.460322
0.456432
0.463542
0.464411
0.455628
0.458777
0.454734
0.453971
0.466194
0.457531
0.471218
0.474898
0.474591
0.472316
0.478591
0.470945
0.458954
0.463783
0.46345
0.466433
0.458608
0.463856
0.461471
0.459057
0.468933
0.458898
0.468425
0.457465
0.468856
0.470459
0.459892
0.464297
0.466131
0.481678
0.465069
0.457302
0.46573
0.46795
0.459445
0.460754
0.465258
0.458598
0.463723
0.4631
0.465075
0.458451
0.458923
0.463184
0.462004
0.463538
0.46464
0.467462
0.460934
0.495822
0.465218
0.471204
0.458098
0.463355
0.456229
0.471834
0.465664
0.462314
0.467552
0.467503
0.465947
0.464839
0.459996
0.460547
0.467264
0.467096
0.460314
0.467559
0.464795
0.470971
0.479605
0.466596
0.467339
0.472154
0.461004
0.462601
0.47034
0.470274
0.461044
0.464533
0.467111
0.477168
0.465652
0.47043
0.467993
0.47014
0.465196
0.46949
0.476199
0.472054
0.493662
0.479428
0.46911
0.473647
0.4722
0.470312
0.468949
0.471147
0.473167
0.473326
0.470822
0.469822
0.474763
0.46596
0.472472
0.469309
0.475668
0.467815
0.471826
0.466116
0.484076
0.475039
0.468209
0.473303
0.479039
0.46873
0.477109
0.473247
0.47072
0.47068
0.472471
0.483082
0.478202
0.47188
0.473296
0.47674
0.475155
0.475284
0.47136
0.475248
0.490569
0.487846
0.474744
0.473724
0.469748
0.477545
0.474092
0.474137
0.484462
0.479371
0.475849
0.47397
0.474395
0.469708
0.474615
0.472703
0.477488
0.478779
0.489955
0.469129
0.499212
0.479379
0.475384
0.472669
0.488673
0.474923
0.473679
0.478902
0.471853
0.474241
0.477733
0.477809
0.481316
0.47177
0.471316
0.471051
0.474506
0.468277
0.472831
0.465686
0.501143
0.482601
0.477011
0.46987
0.477014
0.483239
0.485808
0.480792
0.481124
0.480043
0.481304
0.482127
0.482222
0.478599
0.472365
0.471148
0.470714
0.493036
0.477204
0.480406
0.507354
0.483364
0.479326
0.480014
0.478417
0.485501
0.481895
0.479816
0.487017
0.486992
0.481362
0.487928
0.48578
0.483685
0.491574
0.486608
0.482726
0.4853
0.481592
0.486597
0.501842
0.487604
0.488982
0.489987
0.489387
0.488367
0.483793
0.49538
0.491436
0.494637
0.48507
0.490471
0.4934
0.48905
0.489197
0.498242
0.492041
0.492033
0.490217
0.503283
0.499188
0.496259
0.500592
0.491212
0.504738
0.497688
0.496722
0.501363
0.493878
0.488754
0.496089
0.492096
0.495896
0.487651
0.4943
0.499087
0.490884
0.493862
0.507931
0.503559
0.490186
0.495715
0.48915
0.496971
0.492651
0.499058
0.491024
0.503838
0.504576
0.498655
0.499427
0.501727
0.490829
0.500837
0.494406
0.50481
0.499317
0.503485
0.516444
0.501831
0.498574
0.499352
0.503882
0.501355
0.499215
0.495776
0.514637
0.496265
0.498198
0.496997
0.503279
0.498988
0.499094
0.502065
0.508704
0.499357
0.498193
0.51185
0.505997
0.505833
0.500068
0.506547
0.502522
0.512585
0.502482
0.50265
0.500901
0.50592
0.505888
0.506252
0.506879
0.502744
0.510035
0.507629
0.502206
0.503375
0.517947
0.509512
0.507945
0.505044
0.506712
0.505626
0.504925
0.500493
0.507561
0.503724
0.501955
0.514409
0.52335
0.49841
0.503986
0.520248
0.507535
0.510855
0.528756
0.520432
0.506183
0.506755
0.503884
0.512032
0.512892
0.508113
0.51051
0.511111
0.505999
0.515663
0.507985
0.518017
0.504111
0.506762
0.504154
0.513534
0.509847
0.522431
0.509661
0.506046
0.504828
0.514852
0.508098
0.512627
0.506145
0.508194
0.515847
0.508464
0.510203
0.510223
0.514796
0.508598
0.515166
0.505528
0.516311
0.507018
0.53654
0.518423
0.514086
0.509784
0.506902
0.514607
0.511921
0.50801
0.510693
0.509665
0.513095
0.51121
0.506372
0.517537
0.516802
0.512356
0.522405
0.509188
0.532207
0.524454
0.517613
0.507186
0.518657
0.514792
0.516943
0.515053
0.518545
0.515332
0.522758
0.518046
0.520298
0.520223
0.515648
0.518095
0.515915
0.518782
0.54664
0.555059
0.540139
0.541655
0.521439
0.512468
0.52226
0.516341
0.515658
0.517502
0.514533
0.510652
0.51921
0.518043
0.532082
0.519241
0.516609
0.523893
0.519133
0.529695
0.520237
0.518769
0.518136
0.518691
0.516529
0.524427
0.518545
0.515401
0.524239
0.519775
0.523805
0.514096
0.514776
0.518029
0.517596
0.512929
0.520152
0.531208
0.514306
0.517497
0.513609
0.523383
0.512232
0.518217
0.511336
0.516724
0.525174
0.527632
0.51567
0.514166
0.513188
0.520247
0.507889
0.516218
0.517892
0.52531
0.523497
0.511456
0.519606
0.51655
0.515865
0.511946
0.516391
0.51999
0.516111
0.512408
0.515647
0.518834
0.522265
0.519454
0.518952
0.513774
0.521862
0.525633
0.52953
0.523626
0.520739
0.524632
0.520566
0.521923
0.524381
0.513821
0.519413
0.520765
0.522008
0.510785
0.517806
0.514947
0.531504
0.520969
0.525608
0.520269
0.536501
0.521441
0.520716
0.528711
0.521784
0.525702
0.520056
0.525291
0.5287
0.518981
0.52628
0.515035
0.528292
0.520834
0.5221
0.517478
0.526277
0.534957
0.537093
0.536037
0.521015
0.533217
0.528565
0.526142
0.521536
0.527521
0.520379
0.525126
0.522082
0.527564
0.524444
0.529584
0.524056
0.524368
0.532489
0.526421
0.548368
0.532861
0.524375
0.532154
0.528194
0.52694
0.527919
0.532381
0.527126
0.521817
0.526582
0.530052
0.528709
0.535257
0.528707
0.529931
0.52596
0.537516
0.533542
0.541028
0.522778
0.530416
0.531015
0.527519
0.52558
0.530401
0.53229
0.525818
0.529238
0.535006
0.531655
0.535096
0.528297
0.537509
0.528583
0.528727
0.552626
0.549105
0.537488
0.528468
0.541122
0.534488
0.531245
0.540325
0.534443
0.534056
0.532808
0.538177
0.538093
0.53092
0.534815
0.534628
0.545597
0.53932
0.564164
0.546141
0.538058
0.530842
0.537021
0.535078
0.535207
0.538619
0.540667
0.538018
0.653085
0.541552
0.544272
0.542573
0.538143
0.539527
0.538554
0.551519
0.55127
0.53874
0.537621
0.546542
0.54158
0.539401
0.539275
0.545449
0.543084
0.531684
0.548186
0.534389
0.538302
0.538835
0.547212
0.53601
0.543934
0.560556
0.547619
0.546423
0.539522
0.547483
0.537275
0.540146
0.550233
0.572354
0.546993
0.540222
0.555106
0.54676
0.540438
0.54446
0.552843
0.5553
0.564581
0.555449
0.544169
0.547724
0.54487
0.54516
0.544818
0.541242
0.543813
0.542422
0.539761
0.540103
0.549874
0.5657
0.543309
0.551281
0.544438
0.545302
0.561512
0.549605
0.54309
0.540233
0.549428
0.546696
0.546719
0.539188
0.547558
0.549041
0.548392
0.548234
0.545739
0.543508
0.546035
0.549076
0.551275
0.561885
0.559635
0.555939
0.545938
0.550962
0.550909
0.559261
0.555092
0.562932
0.567837
0.554099
0.550841
0.558577
0.560206
0.551717
0.560569
0.548894
0.555045
0.560463
0.546023
0.548925
0.550506
0.559146
0.550498
0.545667
0.556628
0.558574
0.554342
0.577657
0.569991
0.558386
0.548196
0.554011
0.554518
0.560142
0.555703
0.563611
0.558171
0.560509
0.564032
0.552149
0.558718
0.559718
0.590779
0.583726
0.615917
0.592597
0.57338
0.562885
0.562536
0.558854
0.559315
0.579598
0.559458
0.556574
0.557112
0.570453
0.559268
0.563308
0.566652
0.571332
0.571518
0.581709
0.569438
0.568741
0.558568
0.566461
0.571585
0.558301
0.573279
0.575114
0.566405
0.559531
0.568926
0.5595
0.572993
0.578847
0.570487
0.585662
0.588267
0.572314
0.583233
0.569456
0.578658
0.582231
0.583525
0.586012
0.577689
0.577986
0.586514
0.584683
0.587521
0.588358
0.58499
0.584767
0.61291
0.608162
0.586713
0.596887
0.588271
0.583269
0.581642
0.595322
0.595613
0.590257
0.582129
0.590493
0.598543
0.593974
0.602362
0.591615
0.606589
0.596257
0.596571
0.594608
0.596526
0.603793
0.594276
0.599166
0.601521
0.598618
0.602406
0.600288
0.608409
0.611844
0.614961
0.612034
0.633181
0.61543
0.610314
0.605565
0.611726
0.6168
0.611473
0.606076
0.615162
0.618702
0.614864
0.614077
0.612347
0.614553
0.615971
0.625745
0.61956
0.621012
0.633386
0.612843
0.615409
0.613631
0.602413
0.60763
0.609552
0.612305
0.602656
0.609349
0.619195
0.613216
0.616241
0.6375
0.612528
0.619823
0.614754
0.61181
0.622603
0.618713
0.61874
0.614854
0.610982
0.606526
0.615683
0.607484
0.611474
0.629385
0.622457
0.625957
0.612628
0.614481
0.60488
0.607137
0.643839
0.632931
0.638093
0.633538
0.605683
0.602551
0.611835
0.605265
0.606197
0.608354
0.632938
0.610926
0.604879
0.607533
0.611186
0.608955
0.625768
0.620069
0.630226
0.626838
0.600964
0.599752
0.599516
0.592088
0.601563
0.615299
0.623594
0.59803
0.611818
0.601773
0.600019
0.601079
0.602271
0.597485
0.605192
0.596284
0.58929
0.593729
0.596188
0.596435
0.605645
0.623044
0.613998
0.599198
0.590833
0.592351
0.586676
0.596109
0.596028
0.586149
0.587293
0.588062
0.588852
0.592242
0.593054
0.582785
0.588729
0.601395
0.604413
0.590378
0.589857
0.581875
0.583842
0.584107
0.581655
0.58817
0.576967
0.597658
0.5846
0.587254
0.591129
0.577729
0.584616
0.592144
0.605826
0.597293
0.592896
0.593698
0.58699
0.586869
0.58838
0.586234
0.594313
0.598596
0.59318
0.590261
0.594613
0.598664
0.593216
0.590377
0.605844
0.597776
0.591663
0.596225
0.591352
0.592894
0.602245
0.585559
0.599918
0.591178
0.598427
0.584934
0.602246
0.594669
0.596758
0.597229
0.621146
0.595793
0.596144
0.596954
0.600852
0.594312
0.594273
0.591024
0.591409
0.592731
0.594789
0.58606
0.595201
0.597826
0.600015
0.596832
0.615017
0.586073
0.595426
0.607222
0.594575
0.596319
0.600657
0.598703
0.598931
0.590896
0.59961
0.591571
0.600337
0.602044
0.595037
0.607729
0.616023
0.598659
0.599043
0.5973
0.59405
0.607531
0.614309
0.597944
0.596603
0.601483
0.60524
0.607271
0.59958
0.610203
0.59233
0.611774
0.603141
0.596923
0.594431
0.606831
0.594506
0.602212
0.608801
0.600833
0.598835
0.598437
0.60353
0.59733
0.60126
0.606532
0.607345
0.612533
0.610983
0.603839
0.597386
0.604028
0.59947
0.601865
0.611129
0.601474
0.604456
0.605864
0.593584
0.600305
0.598883
0.598212
0.603917
0.623994
0.60963
0.598319
0.614202
0.605432
0.608092
0.603431
0.608229
0.60458
0.599679
0.614011
0.605685
0.610284
0.604235
0.608445
0.616156
0.624457
0.608097
0.606902
0.606518
0.609229
0.608578
0.612241
0.609584
0.601997
0.611806
0.609085
0.610696
0.610838
0.611575
0.608417
0.623404
0.632526
0.607899
0.612016
0.614541
0.612826
0.611117
0.612924
0.614654
0.609156
0.608942
0.616434
0.603921
0.609401
0.608206
0.608256
0.645906
0.63162
0.618286
0.612951
0.612746
0.61174
0.609093
0.616745
0.608286
0.604133
0.604696
0.608287
0.610138
0.613406
0.607978
0.622761
0.616052
0.610385
0.611864
0.623851
0.613626
0.615878
0.612475
0.616497
0.609341
0.611313
0.617213
0.617664
0.620384
0.61764
0.610117
0.637173
0.615419
0.616975
0.612744
0.608743
0.616251
0.615506
0.617826
0.618371
0.617592
0.622151
0.611553
0.610865
0.615169
0.625621
0.629551
0.627119
0.620219
0.60618
0.623113
0.616831
0.612458
0.615473
0.617006
0.60789
0.608363
0.612587
0.609479
0.607617
0.607865
0.613041
0.638475
0.616674
0.614208
0.617575
0.613623
0.620281
0.609712
0.608772
0.615749
0.611262
0.619602
0.618519
0.615422
0.61228
0.620161
0.626564
0.630761
0.624737
0.621014
0.631775
0.631675
0.626613
0.613512
0.620744
0.614252
0.619382
0.615447
0.623254
0.618995
0.61642
0.621301
0.634883
0.617131
0.617314
0.616016
0.620996
0.617004
0.612989
0.619192
0.618513
0.614916
0.618103
0.621893
0.618573
0.621408
0.623387
0.629742
0.615178
0.616733
0.613331
0.636785
0.624547
0.619735
0.625615
0.617687
0.62317
0.616271
0.622101
0.624802
0.616956
0.618484
0.634142
0.629823
0.623797
0.620772
0.621624
0.619413
0.623696
0.626343
0.619078
0.626541
0.618904
0.620972
0.630075
0.617554
0.623166
0.630622
0.63898
0.61594
0.615897
0.621805
0.625069
0.622411
0.619853
0.624271
0.629148
0.625909
0.622888
0.623504
0.624757
0.623507
0.623963
0.648651
0.63265
0.621681
0.623721
0.626773
0.627067
0.629306
0.62322
0.619616
0.627455
0.62531
0.6321
0.630356
0.629751
0.634304
0.6624
0.631177
0.635911
0.623019
0.625843
0.636008
0.629644
0.632447
0.632012
0.61805
0.622598
0.640597
0.627291
0.632869
0.625949
0.651651
0.632925
0.62678
0.63427
0.631337
0.630305
0.630563
0.632801
0.630918
0.637103
0.623281
0.631505
0.634045
0.629633
0.628311
0.648439
0.647528
0.631817
0.643826
0.642615
0.637742
0.634392
0.633162
0.636837
0.636094
0.632424
0.630555
0.635766
0.629962
0.634263
0.646518
0.646454
0.637109
0.638499
0.640045
0.637147
0.64701
0.636652
0.636519
0.64334
0.636265
0.627552
0.630269
0.640311
0.641129
0.656983
0.655953
0.63842
0.637301
0.634474
0.642772
0.635338
0.634864
0.631171
0.633947
0.633464
0.638161
0.64119
0.633264
0.630992
0.669129
0.643918
0.643371
0.650052
0.634763
0.63152
0.664618
0.643506
0.641878
0.646857
0.642568
0.637715
0.640044
0.635046
0.639598
0.65743
0.644814
0.637089
0.646958
0.646277
0.646915
0.648231
0.641254
0.642781
0.642283
0.637475
0.640052
0.645883
0.640821
0.642564
0.664132
0.643085
0.637822
0.642603
0.643415
0.635435
0.646546
0.642149
0.634938
0.641088
0.637971
0.638361
0.642605
0.641097
0.655165
0.661571
0.644855
0.66304
0.652847
0.658334
0.665269
0.661261
0.657444
0.672493
0.655897
0.648501
0.650232
0.655367
0.66
0.666202
0.679137
0.650879
0.642992
0.651105
0.648595
0.655074
0.646262
0.64672
0.644869
0.647087
0.642565
0.642737
0.645143
0.641308
0.683942
0.646459
0.652346
0.652812
0.651521
0.652601
0.65249
0.649417
0.645058
0.648693
0.663352
0.653159
0.645343
0.652481
0.667278
0.653423
0.647982
0.653588
0.653258
0.646223
0.647463
0.649996
0.647476
0.644897
0.653767
0.648067
0.649786
0.653187
0.652586
0.668065
0.655434
0.650864
0.646572
0.655083
0.665531
0.646625
0.645808
0.642162
0.647868
0.652125
0.646565
0.65678
0.651563
0.654232
0.684729
0.648877
0.655188
0.653708
0.669616
0.669338
0.656482
0.661339
0.656905
0.657573
0.660232
0.647604
0.643987
0.650004
0.669566
0.65009
0.654535
0.651247
0.647729
0.648535
0.656897
0.654185
0.663856
0.654767
0.655732
0.652961
0.651205
0.65061
0.648014
0.680602
0.648403
0.658163
0.654594
0.648929
0.654898
0.654458
0.650963
0.651766
0.650103
0.652944
0.652148
0.654334
0.657649
0.6764
0.662518
0.662658
0.654665
0.65379
0.661397
0.675373
0.666016
0.65972
0.655117
0.662556
0.662979
0.663099
0.669036
0.678786
0.680754
0.666224
0.668724
0.672684
0.708576
0.697878
0.704867
0.726985
0.692883
0.695665
0.693111
0.682202
0.682277
0.696094
0.712855
0.761545
0.67875
0.660983
0.688536
0.696335
0.681064
0.689017
0.677105
0.703151
0.687822
0.671588
0.683922
0.724884
0.692949
0.689959
0.703725
0.680892
0.683947
0.676294
0.662322
0.665853
0.676074
0.668615
0.699753
0.678464
0.709979
0.710223
0.675522
0.702978
0.675907
0.704905
0.702189
0.723104
0.723115
0.69609
0.689934
0.688228
0.711313
0.704235
0.702979
0.708695
0.743888
0.704361
0.711028
0.727038
0.708509
0.697564
0.712196
0.710644
0.698038
0.701043
0.715998
0.717443
0.711619
0.706094
0.693805
0.703354
0.714556
0.720571
0.702828
0.688155
0.697392
0.705298
0.699075
0.706919
0.712898
0.705483
0.68556
0.676391
0.877265
0.769774
0.69909
0.710057
0.692257
0.699238
0.698337
0.683731
0.678056
0.680143
0.678849
0.678507
0.682484
0.687444
0.682824
0.694787
0.688052
0.691886
0.681258
0.683808
0.703167
0.681847
0.680494
0.687418
0.679864
0.688359
0.695738
0.691391
0.678684
0.690793
0.71328
0.696814
0.67738
0.683734
0.693671
0.679167
0.694137
0.676951
0.683044
0.673902
0.682602
0.678902
0.682082
0.681808
0.697878
0.688555
0.68292
0.698305
0.685455
0.684807
0.690122
0.701267
0.677839
0.692911
0.686082
0.676917
0.679446
0.689445
0.686309
0.680904
0.685222
0.692832
0.702104
0.685609
0.688229
0.676021
0.683242
0.687945
0.677278
0.678933
0.67974
0.681294
0.674822
0.689969
0.676248
0.697753
0.691406
0.68123
0.686013
0.680436
0.683218
0.686457
0.680604
0.680449
0.682441
0.67609
0.683237
0.680775
0.684639
0.711574
0.682984
0.682921
0.681617
0.680858
0.681552
0.685535
0.679336
0.679988
0.689399
0.689717
0.684393
0.693555
0.688542
0.695172
0.704911
0.683638
0.694261
0.686852
0.691987
0.696405
0.690636
0.681425
0.686425
1.00291
0.695154
0.681178
0.705422
0.69017
0.683526
0.683612
0.684064
0.693949
0.816267
0.822005
0.675989
0.708082
0.707521
0.687943
0.708699
0.707163
0.732032
0.722162
0.724724
0.741918
0.702443
0.692974
0.690809
0.692892
0.694479
0.691232
0.688765
0.693863
0.688379
0.713153
0.692034
0.693709
0.68119
0.688981
0.684436
0.686929
0.69018
0.686739
0.698202
0.695807
0.699737
0.708242
0.69853
0.728816
0.722611
0.707363
0.694307
0.699333
0.696347
0.690547
0.710168
0.700618
0.701365
0.697033
0.701046
0.708318
0.707852
0.722939
0.701801
0.706564
0.706416
0.709001
0.700023
0.699761
0.700823
0.716721
0.704542
0.705218
0.700412
0.709879
0.716816
0.708322
0.692677
0.702815
0.709993
0.706643
0.711311
0.708729
0.694962
0.700058
0.695235
0.697057
0.694393
0.699363
0.71454
0.697935
0.696878
0.702042
0.703837
0.707374
0.708904
0.69955
0.709308
0.709173
0.707637
0.699583
0.705644
0.733605
0.711483
0.710397
0.711272
0.703962
0.729983
0.710277
0.724444
0.723605
0.705686
0.703264
0.707317
0.709137
0.72789
0.725052
0.714244
0.706197
0.703753
0.715218
0.722837
0.704708
0.719283
0.705278
0.713334
0.720406
0.703756
0.709513
0.728075
0.717697
0.71634
0.712862
0.703818
0.710465
0.70473
0.728211
0.713522
0.709085
0.713036
0.718474
0.720493
0.735381
0.711705
0.716728
0.718231
0.709552
0.731836
0.708737
0.716212
0.718631
0.719989
0.725503
0.721018
0.713187
0.725525
0.727936
0.724364
0.71767
0.721602
0.729613
0.727901
0.725795
0.724583
0.721545
0.719729
0.726839
0.729357
0.720441
0.744829
0.717744
0.718461
0.716293
0.717906
0.712748
0.711133
0.717139
0.714201
0.713643
0.715834
0.715785
0.719572
0.727064
0.722757
0.722706
0.712605
0.724025
0.724444
0.71253
0.717796
0.722521
0.717046
0.71566
0.723419
0.718597
0.731003
0.718513
0.726678
0.722411
0.723897
0.720986
0.716854
0.717597
0.725677
0.721641
0.726496
0.718554
0.720444
0.739246
0.727571
0.715239
0.728745
0.718318
0.718116
0.717071
0.721668
0.726203
0.715136
0.723595
0.721618
0.730516
0.738962
0.753836
0.740577
0.735202
0.723186
0.725883
0.730016
0.725169
0.71635
0.717344
0.724558
0.722675
0.726995
0.733775
0.740124
0.72362
0.729596
0.728811
0.739092
0.728649
0.723535
0.731081
0.719404
0.726024
0.7283
0.718004
0.720949
0.747462
0.730626
0.732274
0.720559
0.723325
0.732619
0.730609
0.723624
0.720386
0.726016
0.722762
0.717093
0.730522
0.767471
0.78668
0.72641
0.730639
0.730744
0.728229
0.741951
0.747205
0.728265
0.759718
0.727065
0.72949
0.721834
0.744607
0.728373
0.727405
0.719405
0.727238
0.741254
0.72546
0.72146
0.739948
0.726553
0.73024
0.733118
0.729182
0.752249
0.726973
0.728606
0.730042
0.734806
0.729398
0.732103
0.728824
0.730949
0.740293
0.728534
0.735469
0.744169
0.753663
0.72992
0.736433
0.731229
0.728335
0.728923
0.742472
0.73565
0.733457
0.734201
0.729148
0.741712
0.733259
0.75488
0.733821
0.728175
0.742939
0.72978
0.733231
0.735826
0.734482
0.735516
0.737902
0.731783
0.742235
0.755524
0.754119
0.733873
0.729661
0.742278
0.737406
0.7447
0.747465
0.73763
0.744442
0.742974
0.737863
0.748114
0.759018
0.751463
0.738149
0.735513
0.740347
0.734906
0.732785
0.747794
0.737765
0.742022
0.745171
0.742784
0.744568
0.762194
0.751397
0.749819
0.749277
0.742499
0.735842
0.737364
0.743305
0.736672
0.746147
0.738203
0.748903
0.744111
0.760794
0.758485
0.737918
0.742928
0.751076
0.747301
0.749777
0.741499
0.743686
0.743137
0.739172
0.747052
0.744258
0.77141
0.74499
0.747913
0.755866
0.748934
0.748851
0.746403
0.743199
0.749309
0.755617
0.750827
0.74686
0.750507
0.770252
0.747014
0.753131
0.755489
0.753892
0.748091
0.752584
0.756322
0.753936
0.76075
0.747695
0.74826
0.766642
0.748101
0.750078
0.745453
0.749239
0.744388
0.758463
0.752712
0.748868
0.755829
0.744176
0.747874
0.749784
0.775397
0.753958
0.753111
0.753889
0.747592
0.752773
0.752664
0.749537
0.755998
0.757012
0.755244
0.753357
0.752072
0.78028
0.753365
0.755602
0.753105
0.760735
0.754746
0.756086
0.758013
0.765776
0.757304
0.75776
0.751037
0.768511
0.757039
0.757593
0.747746
0.745211
0.756769
0.750323
0.755179
0.747137
0.751171
0.752987
0.750192
0.754518
0.784059
0.750507
0.75518
0.781909
0.800253
0.782323
0.761055
0.780787
0.790367
0.768464
0.763958
0.751996
0.777478
0.774397
0.755097
0.76346
0.756357
0.753372
0.74867
0.751288
0.75011
0.750792
0.745403
0.746952
0.751921
0.779308
0.754358
0.760175
0.750437
0.752191
0.753846
0.754481
0.754339
0.757184
0.757168
0.7576
0.750232
0.766367
0.77824
0.756665
0.756622
0.771941
0.754211
0.760866
0.759857
0.762447
0.762188
0.770494
0.758954
0.759742
0.78231
0.7699
0.758266
0.754744
0.749639
0.761743
0.758851
0.761185
0.755467
0.764524
0.76825
0.762868
0.774898
0.776796
0.764188
0.781161
0.764259
0.771024
0.776084
0.775819
0.774159
0.753625
0.767078
0.754343
0.806392
0.794853
0.766616
0.765339
0.761683
0.754179
0.757524
0.756698
0.76348
0.75099
0.754736
0.763732
0.753173
0.778313
0.785402
0.772718
0.759344
0.761154
0.7853
0.835528
0.783556
0.772997
0.762831
0.766066
0.764683
0.768975
0.778598
0.763721
0.777733
0.768223
0.75499
0.761351
0.765238
0.760838
0.760001
0.760421
0.767986
0.760567
0.784185
0.765658
0.76423
0.771723
0.763343
0.77539
0.770304
0.764358
0.772118
0.770679
0.76827
0.758244
0.786058
0.785198
0.768041
0.763964
0.760203
0.765333
0.7643
0.759126
0.766296
0.764302
0.760274
0.769306
0.764785
0.802818
0.773657
0.764533
0.771212
0.767747
0.765843
0.767481
0.762372
0.771301
0.771904
0.766129
0.779921
0.791067
0.773882
0.772734
0.76456
0.769083
0.77424
0.762449
0.766557
0.778082
0.775098
0.768578
0.776997
0.793108
0.783904
0.780754
0.773259
0.781555
0.774913
0.770888
0.766681
0.772367
0.779047
0.771534
0.779151
0.772701
0.805372
0.791141
0.775512
0.773129
0.780987
0.790612
0.787056
0.776063
0.779976
0.775635
0.776656
0.778163
0.804325
0.799113
0.779644
0.772784
0.779152
0.79531
0.774044
0.773463
0.78726
0.776955
0.773306
0.777223
0.798964
0.79745
0.789989
0.787447
0.785539
0.787151
0.783246
0.776276
0.777922
0.78581
0.7786
0.779663
0.792151
0.791078
0.791559
0.783329
0.778733
0.796232
0.791895
0.788213
0.781692
0.780229
0.778244
0.796743
0.782154
0.786069
0.788838
0.786711
0.797602
0.785795
0.785266
0.793902
0.812146
0.785288
0.785864
0.797141
0.786227
0.784954
0.79858
0.789628
0.79154
0.785022
0.786554
0.790249
0.803025
0.791855
0.792628
0.793983
0.793265
0.793501
0.790216
0.797319
0.792726
0.794225
0.785407
0.786846
0.814249
0.795757
0.789006
0.795791
0.793927
0.80352
0.807127
0.796285
0.788097
0.797229
0.789227
0.80321
0.819992
0.796254
0.788163
0.794263
0.79579
0.798983
0.804198
0.793275
0.791438
0.791732
0.797767
0.794741
0.811648
0.800658
0.791289
0.792714
0.794477
0.792211
0.803957
0.790343
0.788573
0.793141
0.784836
0.793951
0.814732
0.787256
0.805781
0.792388
0.797959
0.801318
0.800148
0.796125
0.793719
0.792005
0.78377
0.79659
0.813069
0.790973
0.793342
0.788971
0.805086
0.795736
0.79834
0.796654
0.789426
0.802125
0.79501
0.802346
0.812507
0.793209
0.796495
0.796745
0.798992
0.809413
0.798755
0.801441
0.806828
0.797071
0.79055
0.796245
0.816111
0.794735
0.791353
0.788475
0.793221
0.795965
0.797278
0.80124
0.7837
0.784535
0.793981
0.807596
0.822282
0.802114
0.805149
0.80326
0.8001
0.804321
0.804573
0.800501
0.794507
0.806109
0.803423
0.797167
0.830044
0.793312
0.795014
0.7959
0.801852
0.789001
0.818016
0.813155
0.800864
0.797529
0.794256
0.806623
0.811853
0.794739
0.809054
0.805318
0.798973
0.795016
0.802739
0.808293
0.796836
0.812785
0.800979
0.812576
0.816929
0.806873
0.80405
0.800595
0.812301
0.803707
0.821309
0.818165
0.809385
0.813422
0.806123
0.828522
0.80225
0.800355
0.802769
0.80012
0.81219
0.803975
0.805616
0.814695
0.805077
0.805987
0.810802
0.832261
0.807285
0.805019
0.812668
0.810766
0.808537
0.812348
0.825697
0.808232
0.807761
0.813624
0.814221
0.839823
0.824812
0.812304
0.811859
0.828072
0.814651
0.815978
0.809371
0.808002
0.811545
0.81872
0.829488
0.826678
0.815514
0.81182
0.819281
0.818499
0.808965
0.811402
0.815972
0.807204
0.826896
0.816048
0.837643
0.822743
0.82382
0.822491
0.814903
0.817436
0.821887
0.813507
0.82234
0.812801
0.822444
0.821648
0.83383
0.816918
0.813729
0.830168
0.820226
0.821943
0.823414
0.826058
0.813165
0.815049
0.83264
0.830867
0.82507
0.811366
0.81897
0.807421
0.818815
0.818578
0.812038
0.829744
0.811514
0.81554
0.809652
0.846162
0.820842
0.812851
0.825295
0.811607
0.82226
0.82071
0.824955
0.819159
0.813504
0.818081
0.824925
0.815999
0.817564
0.815981
0.816331
0.817305
0.827189
0.814255
0.815308
0.82142
0.812711
0.814177
0.837742
0.821182
0.812124
0.813316
0.819141
0.818661
0.819624
0.835018
0.823438
0.818592
0.826819
0.840069
0.866525
0.828149
0.828223
0.824115
0.820401
0.828827
0.829464
0.827565
0.831319
0.830036
0.832686
0.842525
0.820005
0.815184
0.819607
0.823187
0.816458
0.818471
0.838457
0.821108
0.813422
0.81446
0.818832
0.843685
0.825741
0.81639
0.824881
0.824579
0.822416
0.833243
0.822715
0.820811
0.814528
0.817331
0.838759
0.812994
0.818731
0.813192
0.826182
0.817009
0.820071
0.834982
0.816631
0.81661
0.82046
0.817796
0.852397
0.817195
0.817573
0.819862
0.820137
0.818142
0.819834
0.817235
0.820673
0.82126
0.818322
0.825758
0.844614
0.819504
0.81887
0.826909
0.822179
0.818295
0.820199
0.825358
0.820518
0.824991
0.825412
0.845928
0.828119
0.82768
0.824253
0.836123
0.824999
0.829021
0.828706
0.833615
0.824089
0.822718
0.832418
0.860304
0.824952
0.834356
0.830017
0.831293
0.825563
0.830059
0.828287
0.812199
0.823367
0.8154
0.84624
0.823767
0.821234
0.829349
0.825624
0.830427
0.823421
0.834463
0.834252
0.836774
0.83711
0.843889
0.847021
0.826348
0.831426
0.82616
0.82465
0.828804
0.836892
0.842828
0.824691
0.825085
0.822019
0.853401
0.829268
0.828451
0.826309
0.823212
0.830226
0.823566
0.829119
0.828263
0.830876
0.829674
0.843079
0.846226
0.831328
0.836745
0.83137
0.834894
0.830707
0.847111
0.850738
0.838746
0.841189
0.833801
0.856552
0.842435
0.841512
0.848259
0.839304
0.848761
0.842882
0.842151
0.837289
0.844485
0.833424
0.853249
0.843917
0.847217
0.852259
0.838955
0.843034
0.836003
0.842993
0.843733
0.837807
0.835854
0.848349
0.859944
0.835842
0.849968
0.841275
0.84399
0.843675
0.840081
0.842026
0.851469
0.85089
0.837651
0.867363
0.83794
0.837923
0.840213
0.832961
0.847382
0.841217
0.841405
0.845448
0.857254
0.851536
0.865948
0.853287
0.849439
0.845979
0.844406
0.848838
0.845193
0.844128
0.846857
0.846165
0.849583
0.867229
0.861226
0.857329
0.854291
0.846268
0.856644
0.846538
0.846207
0.864877
0.851386
0.851617
0.854294
0.870387
0.849929
0.857197
0.853854
0.850086
0.856819
0.845715
0.843752
0.847715
0.847909
0.852006
0.875216
0.845346
0.851359
0.850047
0.849617
0.852528
0.848917
0.851891
0.853961
0.847349
0.853368
0.876598
0.857758
0.853295
0.853176
0.852662
0.856025
0.858459
0.862218
0.864123
0.854464
0.853795
0.872478
0.875255
0.863801
0.852463
0.850015
0.865891
0.862011
0.862782
0.870499
0.852943
0.866023
0.876513
0.864547
0.854093
0.860291
0.850524
0.854805
0.860215
0.866697
0.855621
0.860932
0.898946
0.887452
0.861739
0.861314
0.857302
0.85612
0.854549
0.855273
0.85663
0.863419
0.855716
0.862185
0.878929
0.861647
0.859772
0.855137
0.858197
0.857865
0.863022
0.86244
0.868714
0.865566
0.868267
0.881504
0.860783
0.856913
0.851943
0.860438
0.85477
0.852596
0.854058
0.868955
0.867244
0.861545
0.885953
0.875321
0.858798
0.861994
0.861914
0.86197
0.866042
0.857529
0.857206
0.862547
0.855912
0.881658
0.874957
0.874566
0.860071
0.866861
0.868631
0.863482
0.865852
0.869059
0.875607
0.871886
0.886306
0.878826
0.865464
0.866324
0.870495
0.867699
0.869399
0.867484
0.85991
0.86434
0.865079
0.881135
0.869371
0.869301
0.862055
0.876099
0.868621
0.866958
0.863817
0.865175
0.875292
0.873609
0.887103
0.879248
0.870607
0.865949
0.879132
0.870806
0.867118
0.863818
0.872118
0.871789
0.858637
0.888112
0.876405
0.871699
0.871081
0.867699
0.870252
0.871251
0.869036
0.863285
0.877516
0.86428
0.890339
0.873639
0.870814
0.870827
0.87321
0.880716
0.8796
0.89048
0.8749
0.883224
0.88136
0.908935
0.88415
0.889491
0.876941
0.88561
0.875938
0.887954
0.880582
0.880773
0.882306
0.873496
0.911933
0.875571
0.889502
0.888774
0.887153
0.886002
0.881747
0.875532
0.884991
0.886063
0.894179
0.901959
0.879924
0.885891
0.881535
0.884217
0.889636
0.885653
0.897104
0.886842
0.88096
0.886125
0.889522
0.882312
0.887432
0.886587
0.889008
0.884707
0.917643
0.888415
0.889847
0.890499
0.905448
0.891295
0.892863
0.890903
0.888695
0.894126
0.91128
0.907569
0.899645
0.890878
0.890486
0.890613
0.886838
0.897312
0.895778
0.889455
0.892713
0.90284
0.903077