0.000151
9.5e-05
0.000106
0.000115
0.000135
0.000165
0.000251
0.000281
0.000303
0.000325
0.000404
0.000433
0.000504
0.000505
0.000547
0.000605
0.000589
0.00064
0.000669
0.000636
0.000793
0.00085
0.000887
0.000898
0.000978
0.001028
0.001152
0.001089
0.001225
0.001146
0.00141
0.001354
0.001281
0.001362
0.001463
0.001746
0.001564
0.001646
0.001729
0.001782
0.001781
0.002311
0.001956
0.001959
0.002153
0.00228
0.002138
0.002174
0.002183
0.002286
0.002218
0.002416
0.002277
0.002559
0.002557
0.002425
0.002671
0.003042
0.002844
0.002755
0.002544
0.00298
0.002896
0.002901
0.003121
0.003208
0.003053
0.003239
0.00311
0.003149
0.00343
0.00342
0.003565
0.003317
0.003844
0.003827
0.003712
0.003908
0.00393
0.00388
0.004019
0.004197
0.003936
0.004073
0.003922
0.003957
0.004376
0.004
0.00399
0.00418
0.004311
0.004573
0.005178
0.005963
0.00619
0.005851
0.004426
0.004895
0.005119
0.005001
0.005097
0.0048
0.006795
0.006435
0.006817
0.005582
0.005544
0.005521
0.005072
0.005235
0.005161
0.005386
0.005688
0.005881
0.006079
0.007009
0.006115
0.00575
0.006413
0.006255
0.006617
0.006575
0.006425
0.006632
0.007262
0.006521
0.006651
0.006335
0.006705
0.00659
0.00673
0.006577
0.006725
0.006997
0.006632
0.00728
0.008609
0.007567
0.007535
0.007353
0.008539
0.007404
0.007831
0.00708
0.007377
0.007789
0.007366
0.007609
0.007995
0.007605
0.008357
0.007906
0.008458
0.010259
0.009227
0.008588
0.008651
0.008774
0.009123
0.011245
0.008648
0.008015
0.008973
0.008752
0.00868
0.009411
0.009502
0.009529
0.011279
0.009588
0.009267
0.009015
0.008472
0.009818
0.009879
0.008938
0.010015
0.00969
0.010094
0.011109
0.009228
0.009033
0.010699
0.009936
0.011271
0.009417
0.011159
0.010539
0.010192
0.010737
0.009551
0.009966
0.010431
0.01299
0.013676
0.010367
0.009682
0.0132
0.010071
0.010615
0.010713
0.010927
0.011524
0.01131
0.011261
0.01126
0.011909
0.011954
0.011747
0.01235
0.011531
0.012317
0.011651
0.012426
0.012584
0.015009
0.015247
0.014899
0.014109
0.012206
0.012646
0.012447
0.012352
0.012393
0.012708
0.012007
0.013345
0.013224
0.012939
0.012742
0.013118
0.01291
0.014421
0.013454
0.012987
0.01329
0.013993
0.016736
0.016111
0.014389
0.013987
0.013083
0.015725
0.018006
0.018587
0.017471
0.01557
0.013686
0.014243
0.01385
0.013905
0.01729
0.015183
0.014937
0.014943
0.017172
0.018682
0.018843
0.01901
0.018673
0.019211
0.018852
0.018635
0.015564
0.01595
0.015448
0.014688
0.015414
0.015388
0.015473
0.016435
0.018359
0.015563
0.015226
0.015997
0.015773
0.015422
0.015962
0.016283
0.017408
0.016347
0.016694
0.017218
0.016176
0.017348
0.016364
0.016755
0.016945
0.017264
0.016938
0.015932
0.017036
0.016554
0.015808
0.017344
0.017196
0.018894
0.018095
0.017568
0.016843
0.019029
0.017611
0.018178
0.019327
0.019982
0.025081
0.018404
0.018826
0.017922
0.018005
0.018389
0.018502
0.018217
0.017498
0.017999
0.017763
0.018695
0.020259
0.024314
0.024798
0.025753
0.024494
0.021437
0.025399
0.024767
0.019669
0.01962
0.018764
0.019671
0.020199
0.025874
0.019858
0.019978
0.019309
0.020076
0.019388
0.021099
0.021598
0.021207
0.020841
0.020029
0.019898
0.020681
0.021286
0.020176
0.020886
0.021773
0.021061
0.021057
0.020394
0.022002
0.02076
0.020579
0.021654
0.021264
0.021213
0.025105
0.027465
0.021478
0.021473
0.020033
0.022426
0.024484
0.02129
0.022764
0.021514
0.021311
0.023129
0.024319
0.021601
0.02229
0.022777
0.021738
0.028778
0.029158
0.024995
0.022299
0.022632
0.023449
0.022431
0.022475
0.023503
0.022728
0.022109
0.023825
0.027958
0.029794
0.029232
0.028516
0.024456
0.029489
0.030502
0.030093
0.029927
0.03072
0.024624
0.024721
0.023901
0.024572
0.022891
0.025382
0.023463
0.024393
0.024838
0.024871
0.025011
0.025455
0.023891
0.026434
0.024036
0.025127
0.026702
0.024886
0.025129
0.026248
0.023559
0.028466
0.026274
0.026155
0.024972
0.026783
0.028992
0.026026
0.026612
0.026526
0.026486
0.025761
0.028785
0.031505
0.034577
0.034883
0.030832
0.026915
0.027135
0.026103
0.026919
0.031246
0.028321
0.026284
0.028142
0.025725
0.026769
0.026998
0.027522
0.027316
0.027615
0.029088
0.026621
0.026661
0.027488
0.029438
0.027091
0.028615
0.027923
0.029244
0.029737
0.028282
0.030195
0.032041
0.031536
0.028533
0.028497
0.028558
0.028494
0.029369
0.030242
0.029581
0.028924
0.027467
0.030261
0.03014
0.02925
0.031041
0.029367
0.035175
0.03722
0.03098
0.032546
0.030636
0.032627
0.030865
0.031831
0.035397
0.029375
0.035865
0.030317
0.031188
0.031049
0.031862
0.030531
0.030677
0.040909
0.031444
0.031204
0.032861
0.030526
0.033287
0.032211
0.033043
0.031914
0.030708
0.032154
0.031513
0.032028
0.032687
0.031749
0.033206
0.033424
0.032051
0.032022
0.031533
0.03116
0.034008
0.033305
0.0317
0.031906
0.037837
0.038253
0.033502
0.032657
0.033958
0.032803
0.034081
0.033985
0.033357
0.033321
0.034144
0.03519
0.035978
0.03481
0.034335
0.034832
0.036163
0.034284
0.035067
0.034304
0.035089
0.034502
0.036046
0.034704
0.036123
0.034775
0.034895
0.036173
0.039466
0.034269
0.036786
0.040357
0.03677
0.035413
0.034117
0.037219
0.034232
0.035998
0.038481
0.037694
0.046082
0.039229
0.035588
0.040143
0.037828
0.035695
0.03836
0.035991
0.03682
0.03726
0.036301
0.03969
0.036795
0.043433
0.04173
0.036716
0.03698
0.036771
0.036917
0.037041
0.037738
0.038085
0.03766
0.037086
0.038115
0.03771
0.037968
0.03692
0.038534
0.037058
0.039046
0.042197
0.04027
0.038038
0.038764
0.040264
0.041564
0.039218
0.038044
0.039778
0.04077
0.040047
0.038934
0.042409
0.040841
0.039806
0.041432
0.038917
0.038664
0.039013
0.043197
0.040716
0.039113
0.040315
0.039572
0.041173
0.039878
0.041911
0.039307
0.039026
0.042096
0.042296
0.040504
0.041313
0.043292
0.040507
0.03988
0.052834
0.047271
0.040452
0.041506
0.040613
0.040873
0.045574
0.044177
0.041112
0.04154
0.043052
0.041256
0.041871
0.043915
0.042873
0.042337
0.041213
0.043595
0.043704
0.051785
0.042802
0.043952
0.045885
0.043246
0.043524
0.044094
0.042178
0.043192
0.043602
0.045523
0.044192
0.044203
0.043821
0.044739
0.044621
0.044406
0.042958
0.04245
0.045395
0.047171
0.04356
0.047041
0.044518
0.045483
0.044715
0.047572
0.044432
0.045309
0.046922
0.043768
0.044777
0.044115
0.043888
0.046471
0.044999
0.046328
0.047402
0.045469
0.044107
0.047469
0.04577
0.04575
0.047969
0.045228
0.04635
0.04604
0.049587
0.046314
0.046503
0.047175
0.049112
0.057566
0.046909
0.047195
0.049156
0.045692
0.046572
0.052528
0.047807
0.049111
0.04799
0.050265
0.047047
0.05166
0.047902
0.049419
0.050422
0.047787
0.05135
0.048352
0.047686
0.055042
0.0624
0.049678
0.048882
0.049054
0.048789
0.050192
0.049383
0.051813
0.049588
0.047336
0.049909
0.054423
0.048197
0.050756
0.048759
0.049328
0.050025
0.04875
0.050048
0.051049
0.048776
0.049685
0.049712
0.051255
0.048675
0.048736
0.049739
0.051836
0.04981
0.052362
0.051187
0.049726
0.054169
0.050743
0.051779
0.051554
0.049819
0.0518
0.049884
0.050183
0.05059
0.049379
0.050405
0.051874
0.050515
0.050419
0.052982
0.050055
0.049095
0.054587
0.050213
0.050395
0.04968
0.049401
0.051931
0.051711
0.050861
0.050608
0.054109
0.052284
0.054429
0.05328
0.061737
0.051668
0.054112
0.054862
0.052763
0.064163
0.053742
0.053728
0.053914
0.052082
0.053195
0.054728
0.052965
0.053177
0.062154
0.055046
0.053835
0.054617
0.054592
0.05366
0.056557
0.053302
0.054664
0.053364
0.055046
0.055559
0.055074
0.053642
0.05934
0.054579
0.059251
0.069526
0.055989
0.057431
0.055854
0.05379
0.055602
0.057515
0.057995
0.055132
0.056262
0.05413
0.056727
0.054933
0.05555
0.055933
0.056389
0.058738
0.056785
0.058501
0.059553
0.056616
0.057752
0.057593
0.057502
0.057285
0.056877
0.059859
0.056724
0.056962
0.057155
0.058153
0.058366
0.055267
0.05878
0.055681
0.058526
0.055531
0.05853
0.060205
0.059527
0.059755
0.058277
0.056785
0.061741
0.059885
0.061257
0.06
0.060981
0.060982
0.061308
0.060942
0.059716
0.060651
0.061623
0.061466
0.060387
0.058875
0.059781
0.060262
0.062389
0.059708
0.057317
0.059698
0.058823
0.059794
0.059592
0.062928
0.063463
0.057812
0.060464
0.058659
0.062638
0.059749
0.060152
0.058057
0.060343
0.061153
0.060463
0.065326
0.076388
0.063414
0.061153
0.061439
0.078484
0.070699
0.078723
0.068086
0.062589
0.061774
0.061226
0.063638
0.062148
0.059276
0.062224
0.062111
0.063646
0.064414
0.064693
0.076841
0.062107
0.073273
0.073927
0.077322
0.064453
0.060432
0.065072
0.064179
0.063917
0.069198
0.066841
0.064923
0.064681
0.063455
0.062488
0.078583
0.063622
0.064874
0.061611
0.063901
0.064714
0.067013
0.064573
0.065006
0.062866
0.070824
0.063307
0.065431
0.073784
0.082899
0.065592
0.067536
0.067322
0.065862
0.064708
0.069984
0.064279
0.065107
0.064898
0.067623
0.065131
0.06043
0.06718
0.064947
0.066704
0.066221
0.073053
0.066015
0.066358
0.065315
0.065263
0.065446
0.068926
0.067594
0.067808
0.066571
0.069716
0.067158
0.066857
0.066836
0.067121
0.067968
0.071422
0.067051
0.069417
0.065638
0.069004
0.068519
0.065151
0.067298
0.067537
0.069228
0.067195
0.067485
0.067877
0.068712
0.06805
0.069404
0.067822
0.070724
0.067843
0.068337
0.065925
0.068605
0.068746
0.071453
0.067951
0.069622
0.067185
0.068715
0.068802
0.070171
0.066993
0.072917
0.068866
0.068985
0.068253
0.069802
0.06925
0.072007
0.06992
0.070307
0.06897
0.070347
0.069844
0.07156
0.068397
0.076154
0.067819
0.07023
0.080465
0.110003
0.070443
0.068042
0.070738
0.068977
0.069882
0.067886
0.072561
0.072483
0.077719
0.071257
0.073068
0.072756
0.071588
0.073228
0.072113
0.070853
0.07143
0.071595
0.074983
0.071711
0.073713
0.071728
0.071826
0.071543
0.072159
0.073488
0.071799
0.071859
0.073766
0.074659
0.073474
0.072188
0.072353
0.07459
0.072276
0.073511
0.074457
0.07435
0.072384
0.0729
0.074047
0.077849
0.073895
0.077073
0.073991
0.075773
0.073848
0.079172
0.073416
0.07374
0.072846
0.076404
0.075538
0.073318
0.072654
0.073779
0.074648
0.076573
0.077334
0.07413
0.078699
0.074177
0.076982
0.07338
0.073812
0.074768
0.07378
0.078889
0.075041
0.077835
0.074003
0.074115
0.073696
0.076817
0.076553
0.076059
0.079459
0.076763
0.077778
0.074417
0.078625
0.075298
0.076317
0.07589
0.077571
0.076715
0.077102
0.078308
0.076145
0.075328
0.075416
0.082546
0.076699
0.079719
0.078378
0.080264
0.081209
0.099659
0.080205
0.076592
0.07853
0.078006
0.076719
0.076149
0.078231
0.079069
0.076422
0.081101
0.080262
0.077751
0.080734
0.078358
0.078955
0.079377
0.076974
0.078364
0.077475
0.081369
0.07403
0.081217
0.078906
0.079578
0.079105
0.07994
0.081325
0.079858
0.080136
0.079388
0.081861
0.076018
0.081404
0.078715
0.077219
0.079955
0.079678
0.078661
0.07948
0.081626
0.08328
0.080519
0.077417
0.078616
0.08062
0.082392
0.081569
0.081296
0.079475
0.079594
0.082074
0.094288
0.083331
0.082139
0.082036
0.081569
0.081986
0.082263
0.083155
0.082958
0.080212
0.083323
0.081392
0.084457
0.091105
0.081833
0.086755
0.083234
0.082525
0.081811
0.081022
0.087215
0.080618
0.082033
0.085962
0.085123
0.088766
0.085801
0.086215
0.080883
0.084092
0.08509
0.083821
0.083914
0.083091
0.082191
0.086484
0.082851
0.091106
0.08249
0.085078
0.087223
0.084568
0.08798
0.085387
0.085517
0.087023
0.085162
0.08582
0.085996
0.085279
0.088307
0.083023
0.085535
0.097219
0.085792
0.087709
0.084726
0.08561
0.086528
0.085272
0.083863
0.086723
0.086695
0.098944
0.087868
0.08612
0.08549
0.085494
0.086653
0.087002
0.089979
0.08702
0.088315
0.088137
0.086903
0.09243
0.086287
0.100916
0.089888
0.087116
0.086975
0.087061
0.087951
0.08793
0.088249
0.09076
0.08441
0.088591
0.089412
0.088411
0.08793
0.088554
0.08939
0.089907
0.086724
0.092426
0.088596
0.088516
0.091974
0.091947
0.089518
0.105708
0.101915
0.089929
0.087419
0.086021
0.086977
0.090887
0.089165
0.090867
0.095934
0.092634
0.088654
0.087934
0.088524
0.087977
0.091401
0.087938
0.088563
0.090731
0.090138
0.09184
0.094309
0.089189
0.092755
0.09092
0.09074
0.093818
0.091552
0.115404
0.100638
0.090588
0.090944
0.090037
0.093879
0.093787
0.091448
0.091348
0.094561
0.092435
0.091765
0.093727
0.09361
0.087331
0.091479
0.09235
0.092581
0.094143
0.094122
0.090671
0.097858
0.096747
0.090614
0.091496
0.090977
0.093069
0.092977
0.092384
0.090015
0.090937
0.093712
0.092569
0.091687
0.09336
0.091253
0.090396
0.093785
0.09279
0.095115
0.095161
0.093176
0.092382
0.095906
0.092636
0.092737
0.096856
0.095694
0.095057
0.097604
0.095345
0.094439
0.094606
0.095649
0.092868
0.093317
0.093846
0.093115
0.097226
0.097943
0.095024
0.098092
0.096906
0.091439
0.096278
0.095658
0.09572
0.098048
0.09663
0.095946
0.097349
0.097862
0.097641
0.096441
0.097483
0.098187
0.095976
0.098464
0.097227
0.095143
0.096161
0.099048
0.096619
0.099263
0.095367
0.097065
0.098882
0.098743
0.100746
0.095677
0.097362
0.096745
0.097995
0.106742
0.098202
0.099732
0.098635
0.098761
0.100616
0.099689
0.101243
0.099611
0.09868
0.099204
0.098563
0.100112
0.102273
0.103226
0.098149
0.098233
0.10208
0.100414
0.099948
0.09753
0.099078
0.101005
0.097561
0.10024
0.097726
0.099957
0.100956
0.101167
0.098684
0.09824
0.099674
0.101109
0.101766
0.098639
0.102056
0.096623
0.100736
0.099566
0.099605
0.099172
0.104154
0.103311
0.102841
0.100297
0.10399
0.102158
0.103441
0.101589
0.102273
0.137233
0.140551
0.138246
0.143356
0.14369
0.145449
0.156697
0.14127
0.14253
0.143046
0.158112
0.156346
0.138561
0.14103
0.140025
0.142486
0.139203
0.143116
0.135864
0.133903
0.144137
0.1379
0.136917
0.136585
0.141786
0.137083
0.140457
0.14311
0.146709
0.146635
0.13708
0.135472
0.143853
0.143515
0.139609
0.138973
0.140133
0.144262
0.144916
0.145209
0.146268
0.143219
0.14503
0.149708
0.144191
0.139781
0.144223
0.15539
0.148371
0.14628
0.145437
0.146033
0.142829
0.145532
0.145937
0.143503
0.149894
0.143176
0.148185
0.14349
0.143833
0.140999
0.142559
0.142027
0.143372
0.143717
0.145801
0.150163
0.144488
0.145899
0.139978
0.143302
0.140134
0.150694
0.148687
0.141898
0.149426
0.149054
0.153086
0.148106
0.147528
0.152561
0.145311
0.151143
0.146363
0.147755
0.146363
0.149021
0.145134
0.151804
0.152074
0.143867
0.145802
0.146239
0.143012
0.147414
0.148589
0.149185
0.147174
0.148399
0.153515
0.149971
0.148542
0.147028
0.149698
0.147598
0.147299
0.156477
0.161498
0.151998
0.149963
0.152026
0.146834
0.14398
0.150046
0.15167
0.154666
0.152253
0.14689
0.148822
0.150528
0.15661
0.155811
0.154495
0.150399
0.145758
0.150617
0.179278
0.148232
0.153473
0.147125
0.144908
0.149153
0.155061
0.155141
0.153951
0.151938
0.154402
0.150464
0.160493
0.150215
0.154734
0.155484
0.153805
0.163735
0.156396
0.153961
0.15885
0.168933
0.149662
0.157009
0.152655
0.156068
0.156307
0.157301
0.152721
0.149688
0.152929
0.155573
0.163631
0.155972
0.162003
0.157613
0.157193
0.155972
0.161944
0.163436
0.159252
0.156976
0.163214
0.160571
0.158777
0.159002
0.159667
0.166077
0.160196
0.154507
0.161202
0.160781
0.16409
0.165708
0.151771
0.162377
0.160387
0.158855
0.160819
0.164264
0.156265
0.154269
0.156014
0.162394
0.16341
0.163408
0.154539
0.15763
0.164106
0.159197
0.164411
0.162403
0.160665
0.160629
0.162839
0.160417
0.156895
0.182278
0.160922
0.157375
0.163963
0.160595
0.159021
0.164977
0.164106
0.16358
0.176326
0.161015
0.168163
0.172767
0.165175
0.159345
0.15961
0.166071
0.165043
0.163234
0.157689
0.160999
0.158538
0.158866
0.169312
0.164601
0.163555
0.165414
0.163131
0.172173
0.1652
0.162308
0.162056
0.16263
0.167665
0.165897
0.157414
0.170832
0.163816
0.146969
0.166847
0.160513
0.164131
0.174504
0.165168
0.162791
0.171621
0.162776
0.169581
0.17106
0.164979
0.166265
0.168935
0.16142
0.16892
0.168881
0.161446
0.181035
0.178294
0.17679
0.161425
0.165997
0.188502
0.199755
0.189522
0.162897
0.169152
0.167972
0.170258
0.176768
0.173413
0.175312
0.16792
0.165942
0.165684
0.168417
0.167552
0.169117
0.169007
0.167356
0.177777
0.175297
0.169503
0.16917
0.162472
0.181733
0.164799
0.168291
0.169916
0.168734
0.173237
0.17132
0.170183
0.172923
0.165177
0.169491
0.167257
0.174728
0.168276
0.165387
0.167499
0.175901
0.180224
0.169957
0.180943
0.177893
0.172588
0.172101
0.164145
0.178809
0.171528
0.175731
0.164789
0.171978
0.172555
0.170618
0.17816
0.172638
0.16822
0.176564
0.173186
0.168293
0.177157
0.169275
0.176295
0.172366
0.180065
0.182998
0.176874
0.168824
0.172766
0.177375
0.175066
0.174831
0.170396
0.172572
0.17351
0.191112
0.176727
0.172784
0.170096
0.171644
0.177559
0.181191
0.174209
0.170641
0.170699
0.173883
0.170626
0.186345
0.178058
0.246575
0.168074
0.166856
0.169813
0.176535
0.190995
0.178427
0.172672
0.172516
0.176707
0.171175
0.174725
0.179139
0.177375
0.179888
0.171893
0.181459
0.173346
0.18075
0.174681
0.173704
0.182923
0.176411
0.176143
0.182828
0.179438
0.179021
0.179876
0.180968
0.176958
0.183519
0.178212
0.18471
0.193639
0.182611
0.183309
0.178075
0.172915
0.137245
0.1618
0.192201
0.174905
0.191772
0.181181
0.177116
0.181609
0.178988
0.183813
0.184398
0.195237
0.185334
0.196193
0.184495
0.283425
0.199513
0.173447
0.175462
0.181673
0.190916
0.181744
0.189748
0.184776
0.178447
0.182391
0.182579
0.193608
0.185452
0.192989
0.449923
0.26298
0.151147
0.161917
0.192317
0.183153
0.182213
0.191953
0.180292
0.190069
0.24573
0.186575
0.185634
0.202814
0.293552
0.206621
0.199625
0.200803
0.195329
0.205064
0.205501
0.184303
0.192636
0.194995
0.218077
0.354131
0.193113
0.186264
0.189885
0.187063
0.198931
0.196367
0.182235
0.18492
0.190993
0.188239
0.198288
0.201132
0.191069
0.186049
0.193234
0.193632
0.194494
0.182821
0.1887
0.191548
0.192963
0.184156
0.195428
0.186286
0.186192
0.187344
0.200304
0.200054
0.184184
0.184021
0.184777
0.190937
0.189534
0.193273
0.187164
0.187917
0.188221
0.201755
0.193968
0.18839
0.199492
0.190734
0.186475
0.176078
0.165339
0.196255
0.192406
0.186981
0.204734
0.194756
0.200925
0.191466
0.188063
0.20075
0.188875
0.186041
0.195976
0.188121
0.196562
0.191142
0.196094
0.192483
0.190487
0.191465
0.197308
0.194624
0.194596
0.197472
0.195267
0.190725
0.188037
0.205875
0.195894
0.199172
0.201134
0.20188
0.206554
0.20018
0.198259
0.196915
0.229866
0.256318
0.224236
0.222489
0.233197
0.24765
0.23775
0.20081
0.196537
0.19745
0.198826
0.202345
0.19151
0.208143
0.229811
0.216265
0.213486
0.200669
0.265973
0.230435
0.238003
0.221885
0.24225
0.238153
0.246077
0.287116
0.249435
0.214205
0.244415
0.216998
0.217878
0.238738
0.264562
0.239547
0.206971
0.20498
0.207153
0.207355
0.197734
0.214653
0.215022
0.20327
0.196007
0.201495
0.20324
0.197965
0.20679
0.210334
0.200641
0.199887
0.203786
0.197281
0.200647
0.199557
0.210198
0.205664
0.211024
0.198574
0.206132
0.199598
0.205955
0.202578
0.202163
0.198346
0.204464
0.204157
0.201454
0.196577
0.198765
0.198069
0.199661
0.208532
0.202017
0.199827
0.198887
0.208606
0.200062
0.217169
0.199393
0.205698
0.207167
0.213411
0.203659
0.207125
0.202809
0.20908
0.199821
0.203971
0.204604
0.209301
0.215899
0.211387
0.208833
0.210028
0.197901
0.212381
0.210914
0.209878
0.208275
0.197706
0.203926
0.211203
0.204775
0.206289
0.213981
0.209192
0.203209
0.207111
0.252605
0.205458
0.205982
0.217759
0.209835
0.207758
0.216926
0.208053
0.208606
0.212282
0.206316
0.213188
0.212981
0.204052
0.21585
0.214408
0.202039
0.209925
0.211322
0.205875
0.213912
0.207881
0.211229
0.206291
0.220788
0.20852
0.210613
0.204796
0.211942
0.213986
0.210708
0.222493
0.209155
0.206212
0.213171
0.209278
0.209444
0.215911
0.207987
0.210397
0.208487
0.228951
0.220365
0.214135
0.215371
0.211993
0.219503
0.212332
0.214395
0.218698
0.211333
0.214455
0.215795
0.227158
0.209443
0.213026
0.225461
0.21495
0.215266
0.219611
0.217459
0.22512
0.243637
0.224699
0.221072
0.228926
0.22516
0.235596
0.225051
0.212231
0.213858
0.215781
0.230403
0.212896
0.239665
0.227773
0.209805
0.217829
0.218652
0.218972
0.213724
0.221305
0.22456
0.218083
0.227173
0.228617
0.229367
0.236908
0.235347
0.231426
0.221809
0.216012
0.229043
0.221472
0.21713
0.221748
0.226251
0.207615
0.223263
0.217831
0.214072
0.217707
0.218371
0.224347
0.228858
0.223499
0.231058
0.225351
0.231594
0.213674
0.228091
0.223179
0.215281
0.231134
0.23293
0.219258
0.227002
0.227762
0.227767
0.22932
0.238724
0.22672
0.222421
0.224574
0.227614
0.230483
0.223142
0.227104
0.222833
0.219198
0.220408
0.226262
0.250931
0.245017
0.236766
0.242431
0.21337
0.216336
0.221123
0.197628
0.184857
0.22677
0.221722
0.230565
0.220826
0.236322
0.226373
0.242693
0.251247
0.2269
0.238984
0.224858
0.223512
0.222421
0.22317
0.225755
0.233543
0.232738
0.230101
0.231723
0.220696
0.224964
0.233479
0.22233
0.23192
0.220937
0.223627
0.226775
0.233964
0.227977
0.225294
0.234063
0.236639
0.228427
0.221988
0.226541
0.227411
0.228658
0.227514
0.233367
0.236588
0.228077
0.238297
0.237574
0.237795
0.238612
0.236676
0.237542
0.230335
0.241335
0.234449
0.229438
0.210759
0.175519
0.232835
0.246349
0.229053
0.234429
0.226593
0.223923
0.232833
0.225349
0.234772
0.233803
0.232621
0.230879
0.236225
0.223644
0.230828
0.234833
0.228259
0.228017
0.233221
0.234178
0.240066
0.237942
0.235524
0.226686
0.236395
0.235247
0.235464
0.231498
0.234839
0.231128
0.245827
0.223022
0.233205
0.23445
0.224138
0.2304
0.236357
0.232336
0.236835
0.276912
0.265296
0.265792
0.246509
0.236155
0.254246
0.253589
0.222753
0.233708
0.227108
0.213266
0.268951
0.244273
0.286591
0.249835
0.255916
0.280693
0.277249
0.251972
0.261205
0.259204
0.294938
0.304394
0.251252
0.329847
0.272397
0.249327
0.342184
0.305043
0.256975
0.326555
0.354468
0.274587
0.293244
0.309297
0.316676
0.315382
0.50115
0.29751
0.275768
0.275995
0.368753
0.647741
0.573661
0.516954
0.43994
0.601562
0.432884
0.337324
0.437209
0.463
0.495338
0.637474
1.04925
0.946689
0.718804
0.825293
1.20662
0.329433
0.469146
0.407224
0.292103
0.399103
0.430066
0.288625
0.273217
0.333255
0.462988
0.361672
0.312774
0.40716
0.589596
0.626258
0.59919
0.483436
0.450815
0.431268
0.420752
0.495828
0.331622
0.302699
0.276103
0.322488
0.30952
0.267197
0.350213
0.330347
0.339505
0.352096
0.331633
0.303267
0.306817
0.307731
0.394178
0.534807
0.335831
0.352147
0.463989
0.385806
0.266773
0.323246
0.335159
0.352831
0.318229
0.584778
0.37532
0.349738
0.332179
0.342492
0.31276
0.57286
0.32362
0.378766
0.538522
0.418586
0.587844
0.367194
1.22512
0.510778
0.63238
0.429832
0.50569
0.623878
1.20278
1.04675
0.785642
0.427099
0.599275
0.331477
0.271354
0.280099
0.265931
0.26847
0.257756
0.251709
0.252775
0.253163
0.253202
0.259196
0.254049
0.190161
0.238138
0.249668
0.260681
0.254641
0.246415
0.250927
0.257438
0.257359
0.252236
0.261538
0.254665
0.24987
0.250624
0.248647
0.332696
0.258586
0.26818
0.256862
0.257286
0.242846
0.245849
0.254568
0.261635
0.265649
0.226133
0.23934
0.238074
0.259253
0.256665
0.262835
0.258745
0.249554
0.249699
0.261868
0.261458
0.269273
0.260879
0.249062
0.258924
0.258462
0.275339
0.273323
0.240207
0.215896
0.226175
0.195732
0.189862
0.200052
0.256518
0.263768
0.340667
0.230246
0.257724
0.267644
0.246318
0.214992
0.265761
0.254979
0.254475
0.258639
0.255546
0.259149
0.267041
0.254635
0.276838
0.276777
0.271119
0.265427
0.266796
0.269537
0.263935
0.273549
0.272829
0.264728
0.263706
0.269912
0.252461
0.26038
0.25924
0.263509
0.280513
0.267036
0.258031
0.254723
0.249061
0.255176
0.268391
0.338573
0.257158
0.236113
0.255175
0.263584
0.257763
0.255474
0.258244
0.255228
0.262589
0.262924
0.273325
0.280245
0.254987
0.270713
0.259174
0.266988
0.258247
0.259725
0.260475
0.262724
0.248377
0.268535
0.271103
0.254312
0.270128
0.268846
0.263079
0.237408
0.259672
0.259071
0.264057
0.260785
0.258639
0.256304
0.260752
0.261061
0.264087
0.255639
0.263271
0.262856
0.257819
0.262343
0.297206
0.269081
0.254587
0.264165
0.260199
0.211274
0.195933
0.277915
0.26628
0.271202
0.264828
0.268267
0.263494
0.264542
0.265421
0.295636
0.258681
0.254683
0.245061
0.216405
0.239651
0.192747
0.259585
0.263104
0.270654
0.303275
0.261124
0.272114
0.247733
0.202423
0.260958
0.270202
0.262663
0.277975
0.269601
0.268113
0.257292
0.265898
0.267291
0.261526
0.264836
0.27882
0.273197
0.275843
0.267529
0.270187
0.260254
0.274262
0.278517
0.270676
0.266819
0.269292
0.272352
0.273768
0.279318
0.263817
0.279359
0.269382
0.276766
0.265705
0.266341
0.279121
0.262972
0.265634
0.275572
0.269833
0.271342
0.275002
0.274063
0.262506
0.267217
0.274057
0.27642
0.276108
0.271848
0.285663
0.269081
0.273572
0.265102
0.276284
0.28581
0.279743
0.295478
0.290846
0.272838
0.279758
0.276619
0.276553
0.274063
0.272994
0.272578
0.277261
0.289739
0.271339
0.282897
0.282486
0.26859
0.279899
0.27635
0.270742
0.27679
0.270844
0.277017
0.280589
0.274659
0.278388
0.276098
0.275102
0.278216
0.284341
0.267626
0.256076
0.281582
0.274972
0.270221
0.275334
0.277088
0.269993
0.282149
0.279029
0.2821
0.283911
0.280461
0.277952
0.280007
0.279372
0.271182
0.280873
0.273481
0.269333
0.275709
0.284787
0.277797
0.266764
0.271875
0.275526
0.27931
0.274856
0.280701
0.28524
0.276454
0.282442
0.287714
0.273894
0.280686
0.273065
0.286203
0.277463
0.273268
0.278067
0.279668
0.279372
0.279343
0.284858
0.277783
0.273083
0.282464
0.286697
0.281331
0.280268
0.282624
0.276752
0.281262
0.292462
0.283693
0.293325
0.286104
0.278676
0.283489
0.288763
0.287425
0.282132
0.290037
0.295173
0.282566
0.277098
0.280254
0.288558
0.28609
0.284699
0.285423
0.289104
0.288195
0.288293
0.279766
0.297814
0.287794
0.282617
0.293384
0.308023
0.286458
0.282994
0.285373
0.292035
0.293205
0.285027
0.231262
0.260334
0.286562
0.281709
0.282488
0.295396
0.285475
0.283701
0.307286
0.293009
0.257769
0.294132
0.300856
0.293297
0.284404
0.294236
0.283752
0.291445
0.291147
0.298882
0.280944
0.298568
0.284227
0.288348
0.277929
0.292488
0.287444
0.281488
0.2939
0.294292
0.292775
0.286841
0.292703
0.304482
0.28153
0.294471
0.287409
0.289917
0.289358
0.302515
0.294865
0.297941
0.28974
0.286887
0.286883
0.28909
0.294421
0.291679
0.298782
0.290418
0.310501
0.38161
0.294905
0.282637
0.300851
0.294084
0.294753
0.300248
0.297633
0.288573
0.286746
0.303604
0.286411
0.306067
0.300744
0.285407
0.285931
0.291394
0.295284
0.302546
0.299413
0.286443
0.292685
0.293103
0.297041
0.285078
0.298578
0.290964
0.311812
0.301521
0.288785
0.301118
0.292674
0.294112
0.390545
0.30462
0.298893
0.298135
0.287901
0.301565
0.309089
0.290551
0.295035
0.300364
0.297998
0.303942
0.2992
0.300516
0.301133
0.293883
0.279592
0.293824
0.29506
0.303379
0.28828
0.295577
0.297789
0.300682
0.300273
0.30209
0.294761
0.302592
0.297446
0.296316
0.303848
0.297578
0.30573
0.296845
0.302964
0.305814
0.292966
0.299814
0.301071
0.32893
0.307965
0.382037
0.298516
0.305489
0.300868
0.29275
0.300007
0.318987
0.313359
0.303976
0.310087
0.30569
0.293527
0.301941
0.30973
0.304306
0.301303
0.308348
0.304547
0.292258
0.303119
0.303409
0.302358
0.283651
0.304588
0.306674
0.31317
0.313009
0.303012
0.323307
0.330368
0.322185
0.289732
0.305631
0.296195
0.306496
0.315291
0.303625
0.321992
0.299796
0.287297
0.310523
0.306909
0.312529
0.302457
0.302435
0.314956
0.314374
0.304584
0.309164
0.312379
0.308151
0.31865
0.306684
0.296064
0.309525
0.30617
0.300416
0.313558
0.310419
0.287332
0.319556
0.300683
0.301148
0.332529
0.308687
0.251519
0.230296
0.284443
0.308664
0.306832
0.325232
0.307542
0.307157
0.325501
0.313933
0.276564
0.307057
0.337469
0.318511
0.318455
0.318986
0.32116
0.31066
0.31836
0.303894
0.308045
0.32452
0.305801
0.321683
0.323754
0.313303
0.313012
0.31
0.306942
0.317713
0.322229
0.302886
0.315618
0.317818
0.300203
0.315618
0.32521
0.303301
0.308063
0.316409
0.308388
0.302165
0.32826
0.306641
0.305312
0.316981
0.302622
0.317531
0.32586
0.309284
0.320539
0.318526
0.308989
0.315338
0.322461
0.310381
0.324558
0.345064
0.316596
0.322398
0.339595
0.305699
0.233824
0.28873
0.318024
0.304637
0.314974
0.317085
0.324848
0.31386
0.310249
0.314788
0.326075
0.310933
0.309582
0.311366
0.325877
0.326181
0.316107
0.319051
0.307445
0.320398
0.311753
0.302026
0.317779
0.31197
0.312844
0.312777
0.316623
0.350493
0.302858
0.355772
0.301579
0.291931
0.316011
0.309526
0.309465
0.3247
0.318138
0.314666
0.316639
0.317738
0.3137
0.320317
0.31982
0.305343
0.315332
0.319387
0.309753
0.32678
0.315665
0.312185
0.323016
0.312402
0.318003
0.319352
0.318219
0.315388
0.315332
0.324576
0.317317
0.319658
0.31665
0.35579
0.326621
0.334605
0.330931
0.317482
0.327543
0.320254
0.316236
0.337291
0.31174
0.31725
0.325359
0.314573
0.317333
0.327415
0.306387
0.26204
0.328759
0.311664
0.322473
0.329375
0.317661
0.339174
0.317011
0.326732
0.326571
0.398477
0.328808
0.339904
0.330647
0.328769
0.325907
0.296809
0.325135
0.324455
0.31888
0.320586
0.32091
0.327887
0.314767
0.324517
0.33297
0.333805
0.320745
0.335048
0.342612
0.318594
0.330007
0.322565
0.318425
0.331604
0.323395
0.32421
0.32632
0.327019
0.325506
0.377404
0.300881
0.338914
0.322807
0.324349
0.332165
0.326965
0.321761
0.318966
0.323031
0.334796
0.334673
0.3282
0.347327
0.329471
0.327276
0.346456
0.332765
0.327842
0.332723
0.334812
0.324909
0.344919
0.334997
0.347433
0.34611
0.330864
0.339536
0.319693
0.334776
0.329467
0.288628
0.296689
0.329077
0.343317
0.333593
0.334143
0.323726
0.323325
0.34355
0.345522
0.326446
0.260195
0.333451
0.334238
0.327619
0.327896
0.339074
0.343669
0.330377
0.332085
0.332101
0.321374
0.328193
0.344053
0.327328
0.332985
0.326977
0.340058
0.340611
0.336581
0.326962
0.348428
0.329326
0.328967
0.329522
0.336653
0.337417
0.340593
0.323262
0.344529
0.332621
0.338614
0.33851
0.335353
0.339656
0.333493
0.333186
0.341406
0.335774
0.330012
0.345073
0.339431
0.334958
0.326909
0.337839
0.330023
0.33275
0.330355
0.336654
0.334923
0.33879
0.329901
0.337876
0.327282
0.332951
0.347606
0.3403
0.336258
0.349231
0.339153
0.339879
0.341749
0.338252
0.334169
0.341379
0.344937
0.341462
0.341046
0.33858
0.397476
0.336416
0.348067
0.336229
0.340675
0.336338
0.346677
0.335371
0.331866
0.348158
0.329557
0.343373
0.340078
0.341029
0.341304
0.334696
0.336179
0.337963
0.342672
0.33077
0.347102
0.339763
0.340611
0.347548
0.342636
0.339335
0.339374
0.340524
0.337619
0.335089
0.33275
0.340467
0.337706
0.330855
0.341721
0.346852
0.334612
0.333546
0.341946
0.351686
0.341446
0.344844
0.339446
0.349298
0.339412
0.334381
0.343739
0.337936
0.334334
0.337222
0.349736
0.335719
0.339514
0.340984
0.341192
0.342055
0.343681
0.338311
0.333967
0.344664
0.342234
0.372413
0.339634
0.342947
0.334941
0.339801
0.340492
0.353872
0.349364
0.342635
0.343285
0.346482
0.341096
0.345631
0.348466
0.343309
0.339419
0.345095
0.348099
0.348564
0.348975
0.348498
0.368052
0.35605
0.357822
0.350404
0.344597
0.349697
0.330327
0.343383
0.369524
0.343765
0.3516
0.348938
0.351471
0.345409
0.35872
0.348263
0.345095
0.350569
0.339219
0.344064
0.351031
0.366625
0.352313
0.347739
0.34457
0.348598
0.349768
0.347882
0.352545
0.351884
0.359211
0.36198
0.351196
0.341675
0.344558
0.349333
0.343909
0.352465
0.346751
0.349152
0.372584
0.401667
0.384034
0.350246
0.345956
0.355811
0.349121
0.346806
0.344198
0.351734
0.344954
0.350534
0.34986
0.355084
0.357121
0.356856
0.353124
0.321598
0.345286
0.354473
0.348305
0.353637
0.363476
0.350567
0.353164
0.359708
0.354817
0.354694
0.411405
0.455261
0.353787
0.361811
0.346828
0.344766
0.351288
0.346384
0.355704
0.352786
0.352519
0.362576
0.363893
0.365216
0.368156
0.361445
0.361247
0.384171
0.353428
0.348868
0.352606
0.34997
0.361974
0.363996
0.356262
0.356641
0.358428
0.349334
0.356163
0.358511
0.3524
0.354283
0.357421
0.351773
0.354714
0.359418
0.357572
0.378249
0.360183
0.359178
0.379315
0.348371
0.360665
0.363261
0.354135
0.352143
0.353054
0.363792
0.363027
0.368989
0.354178
0.387628
0.370924
0.344122
0.368991
0.371064
0.357214
0.361953
0.355405
0.364281
0.360558
0.372323
0.366821
0.347581
0.305279
0.360409
0.362341
0.362054
0.368821
0.354622
0.374789
0.3676
0.35411
0.363071
0.370297
0.362407
0.381716
0.353095
0.356339
0.359181
0.361696
0.365427
0.365944
0.3621
0.369397
0.364826
0.354968
0.377782
0.362827
0.362939
0.361753
0.361754
0.355498
0.362076
0.357174
0.375106
0.369355
0.369784
0.3674
0.368603
0.379151
0.368206
0.361996
0.381999
0.360607
0.364122
0.361181
0.37467
0.374293
0.368984
0.367694
0.366159
0.367377
0.362772
0.386618
0.365385
0.366296
0.36092
0.361178
0.370689
0.368087
0.358962
0.367925
0.362845
0.362239
0.362219
0.37151
0.371065
0.362802
0.374531
0.366384
0.367245
0.368911
0.371731
0.37425
0.359207
0.380836
0.3517
0.311365
0.361297
0.366138
0.360165
0.371957
0.364873
0.359181
0.371204
0.368066
0.380079
0.378956
0.370504
0.36305
0.36156
0.363584
0.376239
0.371126
0.378945
0.379921
0.372294
0.371268
0.368632
0.368604
0.37885
0.361593
0.302446
0.326507
0.373132
0.362891
0.370601
0.369575
0.371193
0.369404
0.366084
0.376559
0.364262
0.362007
0.382349
0.374646
0.362856
0.36516
0.379471
0.373716
0.360706
0.37057
0.372837
0.372073
0.392134
0.370268
0.383405
0.370269
0.374465
0.372104
0.377935
0.373671
0.367541
0.372323
0.37494
0.365553
0.374749
0.379436
0.375216
0.376513
0.381844
0.379382
0.378408
0.367591
0.372097
0.368706
0.371064
0.375806
0.397252
0.347168
0.367645
0.37118
0.384501
0.378255
0.34874
0.340949
0.376128
0.391838
0.414092
0.378809
0.372899
0.371655
0.37071
0.382262
0.382455
0.378495
0.383117
0.375935
0.389494
0.379829
0.386765
0.372759
0.376196
0.414071
0.387962
0.378303
0.373067
0.412373
0.377912
0.383841
0.387415
0.375393
0.381424
0.466977
0.380041
0.38431
0.369925
0.3897
0.385314
0.376669
0.33687
0.287559
0.361067
0.382074
0.381439
0.390225
0.387552
0.376504
0.397704
0.378443
0.391494
0.379469
0.383084
0.380914
0.388529
0.383746
0.374318
0.378671
0.384366
0.379793
0.387296
0.387661
0.386473
0.378564
0.391727
0.477589
0.385921
0.394056
0.545633
0.421265
0.644631
0.395944
0.414918
0.419961
3.02247
0.39528
0.388902
0.399065
0.400013
0.400831
0.396985
0.405798
0.395
0.35838
0.38806
0.376376
0.314757
0.376062
0.401169
0.385751
0.390087
0.380142
0.385283
0.378587
0.38182
0.418974
0.38958
0.384334
0.38864
0.385289
0.394772
0.392198
0.389295
0.384199
0.381998
0.380701
0.388042
0.377747
0.388299
0.395404
0.387319
0.379158
0.398496
0.320811
0.381534
0.380149
0.386015
0.397583
0.382532
0.387189
0.402959
0.415293
0.395667
0.384329
0.35284
0.381049
0.39423
0.394582
0.393583
0.400541
0.38149
0.394325
0.383429
0.338689
0.385928
0.404909
0.398936
0.389282
0.393365
0.404064
0.395523
0.39945
0.394534
0.391389
0.398902
0.39291
0.391731
0.387627
0.380208
0.426381
0.388589
0.388192
0.38406
0.391433
0.399249
0.397336
0.385788
0.433465
0.39684
0.376373
0.415359
0.392405
0.392219
0.386672
0.393121
0.403403
0.393485
0.317713
0.39434
0.40254
0.391217
0.393107
0.394913
0.395508
0.399704
0.404616
0.393499
0.399444
0.373102
0.413429
0.405829
0.3898
0.396986
0.387232
0.401145
0.400116
0.402509
0.386473
0.400047
0.423843
0.394082
0.398591
0.437463
0.393735
0.407569
0.399707
0.395492
0.406659
0.409839
0.394764
0.400749
0.390775
0.391684
0.40275
0.408218
0.400991
0.398011
0.401634
0.334869
0.415647
0.400455
0.396869
0.41212
0.400845
0.403734
0.406134
0.406115
0.408913
0.38987
0.398225
0.407726
0.398475
0.404822
0.407207
0.405789
0.402593
0.393393
0.400628
0.409357
0.404947
0.474857
0.396347
0.396854
0.400595
0.40599
0.397335
0.407878
0.403699
0.414189
0.404479
0.395064
0.400613
0.421308
0.419766
0.417379
0.399521
0.41133
0.403406
0.342905
0.348629
0.400766
0.401964
0.40721
0.413889
0.504957
0.473257
0.403315
0.411696
0.408109
0.397061
0.37659
0.415505
0.412485
0.406645
0.397247
0.411088
0.411268
0.405288
0.409227
0.396723
0.406786
0.411467
0.416408
0.417672
0.422882
0.407668
0.412987
0.413913
0.406589
0.417863
0.408203
0.411519
0.41604
0.417431
0.405976
0.411707
0.417202
0.431536
0.349087
0.331775
0.410011
0.416578
0.409361
0.420459
0.417365
0.418371
0.413161
0.421046
0.414428
0.406178
0.418206
0.410123
0.421617
0.41476
0.414553
0.410084
0.409736
0.422853
0.401991
0.42094
0.408675
0.410728
0.425606
0.415299
0.412713
0.415673
0.425512
0.416604
0.414108
0.421297
0.40611
0.417758
0.407988
0.419494
0.420283
0.406446
0.423774
0.413219
0.411924
0.411754
0.415441
0.400679
0.40903
0.411742
0.41002
0.417862
0.403659
0.418548
0.41064
0.413989
0.416137
0.42636
0.409738
0.419982
0.418585
0.412515
0.412378
0.426028
0.426044
0.418509
0.415641
0.421285
0.420458
0.42152
0.424544
0.687425
0.721418
0.809122
0.869634
0.8839
0.721526
0.703241
0.421907
0.425168
0.416397
0.421017
0.418086
0.415472
0.413204
0.426923
0.420453
0.428016
0.432438
0.434245
0.41948
0.427951
0.417622
0.418095
0.426288
0.412375
0.426544
0.42188
0.441581
0.38775
0.427873
0.425669
0.422981
0.424656
0.431663
0.419995
0.416982
0.423174
0.41826
0.423148
0.432068
0.425701
0.422294
0.418914
0.429574
0.422976
0.423817
0.417287
0.427366
0.427127
0.417298
0.425407
0.426132
0.419147
0.418645
0.430815
0.428827
0.417923
0.426634
0.421498
0.422541
0.418444
0.418034
0.42417
0.425136
0.424701
0.431184
0.424022
0.438164
0.424741
0.420002
0.427852
0.430768
0.420536
0.426946
0.419036
0.42203
0.380266
0.411548
0.435444
0.422445
0.440565
0.419134
0.435854
0.493515
0.451681
0.42595
0.424857
0.422756
0.423804
0.426978
0.422261
0.434063
0.437228
0.425238
0.353441
0.424986
0.434382
0.438954
0.435551
0.418094
0.444693
0.433746
0.424494
0.424402
0.432046
0.432149
0.446142
0.540762
0.430651
0.438139
0.442704
0.432483
0.431863
0.42924
0.429675
0.427984
0.424218
0.442434
0.428234
0.403406
0.427099
0.422639
0.420211
0.433412
0.435799
0.434592
0.428017
0.441355
0.430704
0.438028
0.426233
0.456816
0.430712
0.422729
0.42533
0.441738
0.44474
0.446564
0.44111
0.432515
0.437693
0.431346
0.436029
0.434826
0.433583
0.434704
0.43548
0.438141
0.435848
0.428241
0.426465
0.441043
0.433763
0.435359
0.424866
0.425377
0.433069
0.425666
0.434042
0.449198
0.433865
0.428668
0.420336
0.429552
0.433667
0.436757
0.432463
0.442679
0.42743
0.425741
0.436156
0.441711
0.44705
0.432446
0.429874
0.434391
0.433441
0.440442
0.434357
0.43096
0.447312
0.445455
0.446126
0.431392
0.438147
0.435345
0.439173
0.448548
0.448348
0.441725
0.450302
0.448158
0.441731
0.42924
0.433818
0.437916
0.428119
0.434334
0.446746
0.436751
0.439067
0.436678
0.450891
0.445169
0.432947
0.446787
0.436984
0.430822
0.44675
0.449201
0.440286
0.436837
0.439647
0.436826
0.440077
0.448629
0.447015
0.453818
0.433093
0.43539
0.443614
0.450967
0.443677
0.438527
0.454833
0.445331
0.433585
0.438625
0.452247
0.454826
0.440758
0.444179
0.445666
0.441901
0.442215
0.441335
0.461484
0.445804
0.453052
0.455117
0.442448
0.440583
0.448979
0.436705
0.441659
0.448202
0.449429
0.443377
0.451037
0.452985
0.461439
0.438469
0.444419
0.443771
0.458453
0.456687
0.459871
0.449863
0.452629
0.450282
0.436545
0.446863
0.447657
0.438531
0.453047
0.452538
0.464953
0.446141
0.457623
0.444462
0.453681
0.452073
0.446771
0.44921
0.448189
0.45315
0.447865
0.45244
0.449167
0.449391
0.451489
0.453092
0.452554
0.446987
0.457841
0.45551
0.47152
0.510096
0.460806
0.460524
0.459652
0.444798
0.444122
0.45841
0.451885
0.449875
0.454256
0.448917
0.459255
0.457956
0.455204
0.456269
0.465925
0.457174
0.449274
0.455353
0.451136
0.455874
0.459634
0.511843
0.455799
0.496738
0.490765
0.461784
0.46986
0.469864
0.453545
0.469161
0.463923
0.464656
0.46236
0.457239
0.464245
0.448795
0.462633
0.449034
0.466286
0.454019
0.453414
0.460695
0.448057
0.459117
0.452219
0.450031
0.467013
0.458452
0.470102
0.457833
0.464398
0.448327
0.460838
0.46145
0.464803
0.387692
0.338686
0.429626
0.484428
0.439111
0.428472
0.462093
0.469503
0.468031
0.470451
0.460446
0.460783
0.464578
0.455921
0.458797
0.463169
0.460379
0.458303
0.465728
0.45898
0.452128
0.458119
0.475157
0.465306
0.376901
0.462891
0.459163
0.453647
0.455629
0.462032
0.4551
0.455244
0.455608
0.462119
0.466398
0.478369
0.458828
0.392335
0.463783
0.46866
0.471488
0.461286
0.478031
0.455381
0.465839
0.467577
0.464577
0.466247
0.464288
0.45842
0.47585
0.466186
0.468466
0.457595
0.453443
0.449707
0.463942
0.478385
0.472868
0.4782
0.461855
0.485388
0.443628
0.442997
0.470272
0.476159
0.464196
0.468284
0.470621
0.445026
0.441466
0.483982
0.467115
0.472027
0.482531
0.467639
0.470584
0.473205
0.484736
0.473498
0.457759
0.504778
0.467761
0.462457
0.475108
0.478457
0.475594
0.463619
0.473558
0.476873
0.471104
0.470453
0.509441
0.497749
0.472205
0.476779
0.46348
0.486667
0.480529
0.48522
0.449134
0.410668
0.494071
0.48571
0.479255
0.470736
0.472886
0.471952
0.498226
0.47454
0.472317
0.476511
0.477266
0.479001
0.464122
0.476969
0.477693
0.474628
0.475323
0.469626
0.480507
0.494259
0.486385
0.464084
0.474895
0.485596
0.485566
0.51476
0.468506
0.495371
0.46472
0.480502
0.470564
0.48094
0.485223
0.478293
0.492336
0.502567
0.493465
0.490143
0.483213
0.487401
0.478181
0.477321
0.475526
0.471261
0.472016
0.485515
0.476671
0.475972
0.472803
0.478219
0.46831
0.469519
0.476835
0.484682
0.481321
0.567171
0.464615
0.474104
0.486511
0.466754
0.473045
0.473319
0.489965
0.479074
0.482706
0.478918
0.485977
0.48023
0.48383
0.474273
0.486767
0.514454
0.488327
0.474251
0.476272
0.494512
0.483185
0.477599
0.478557
0.481347
0.546378
0.427125
0.47678
0.488322
0.480082
0.483869
0.487607
0.481084
0.478644
0.504087
0.477294
0.498368
0.475156
0.500403
0.495281
0.486064
0.479939
0.487355
0.487153
0.480582
0.481989
0.483021
0.479936
0.479305
0.486439
0.47201
0.483529
0.503211
0.515798
0.44701
0.477812
0.474467
0.480889
0.492818
0.507059
0.478497
0.503431
0.482111
0.491035
0.484804
0.490596
0.495644
0.488171
0.486072
0.494579
0.475245
0.480668
0.475635
0.486753
0.477886
0.490606
0.480572
0.492835
0.484514
0.493997
0.486788
0.489183
0.490075
0.487647
0.485217
0.49775
0.489024
0.489478
0.489544
0.476232
0.488218
0.474712
0.488166
0.482238
0.497175
0.481048
0.490347
0.499444
0.484025
0.48972
0.483607
0.50658
0.4876
0.490075
0.488673
0.48768
0.482908
0.488235
0.493821
0.488781
0.499751
0.487449
0.488344
0.489809
0.491379
0.489223
0.511592
0.504712
0.480367
0.490873
0.490859
0.495632
0.498404
0.494169
0.505492
0.499927
0.49025
0.489789
0.494804
0.493291
0.489705
0.494918
0.494132
0.508344
0.490196
0.486014
0.49078
0.49269
0.498397
0.491989
0.479198
0.485939
0.496758
0.502749
0.492764
0.45214
0.36884
0.50625
0.494349
0.500463
0.488527
0.489491
0.492839
0.502134
0.494775
0.508773
0.501201
0.504229
0.509571
0.490671
0.494032
0.489471
0.507654
0.513177
0.494523
0.486885
0.502084
0.514285
0.501467
0.484638
0.505163
0.497446
0.505011
0.495578
0.496898
0.493364
0.496916
0.48937
0.510671
0.454668
0.486563
0.510341
0.506818
0.669532
0.488215
0.507636
0.492179
0.510271
0.500509
0.490147
0.493902
0.489814
0.495036
0.503763
0.530492
0.469545
0.458279
0.498753
0.49948
0.45751
0.395849
0.496553
0.493619
0.500566
0.503639
0.495928
0.532707
0.499557
0.495868
0.506564
0.504641
0.51049
0.534796
0.494554
0.492418
0.507549
0.50813
0.500662
0.411695
0.361807
0.513552
0.518116
0.495365
0.49993
0.499937
0.501482
0.502152
0.495836
0.498364
0.504616
0.510538
0.505841
0.509588
0.502368
0.495601
0.509191
0.506933
0.515628
0.522464
0.517681
0.50556
0.504534
0.519196
0.507255
0.496817
0.50374
0.507881
0.511497
0.516074
0.494219
0.506245
0.497328
0.516375
0.479322
0.462528
0.514611
0.499134
0.514593
0.519766
0.506077
0.519429
0.500902
0.511798
0.511283
0.509846
0.504645
0.519242
0.511433
0.470291
0.509022
0.531722
0.507228
0.512652
0.504696
0.505704
0.509853
0.507227
0.505162
0.505612
0.506751
0.513563
0.51299
0.50734
0.514837
0.513742
0.527393
0.505322
0.521859
0.503878
0.533388
0.509162
0.505212
0.504361
0.517687
0.508963
0.507104
0.522835
0.527502
0.506559
0.509461
0.50779
0.507831
0.518046
0.515671
0.50862
0.512857
0.505812
0.514715
0.509553
0.512644
0.508902
0.503214
0.51957
0.521545
0.512511
0.460191
0.521715
0.517579
0.510556
0.518107
0.517736
0.508049
0.530903
0.506746
0.524164
0.510376
0.522232
0.508514
0.522046
0.519156
0.529347
0.518917
0.491827
0.388346
0.51705
0.506967
0.52468
0.51837
0.520929
0.525981
0.544295
0.608492
0.516511
0.514999
0.513451
0.523012
0.51323
0.522238
0.52127
0.513802
0.525224
0.52454
0.521689
0.518819
0.524183
0.52082
0.535513
0.52498
0.511166
0.553768
0.58532
0.515782
0.5222
0.515048
0.514051
0.509712
0.52614
0.50863
0.511528
0.512201
0.51253
0.51944
0.5318
0.519818
0.513979
0.529347
0.519344
0.534959
0.518156
0.531556
0.516792
0.528762
0.510709
0.525171
0.518869
0.526525
0.520175
0.514687
0.516974
0.526842
0.519862
0.526786
0.519153
0.524907
0.518583
0.517662
0.512485
0.530014
0.516544
0.516554
0.539919
0.525291
0.523158
0.522827
0.530798
0.51706
0.516903
0.525101
0.526129
0.527863
0.526046
0.524755
0.52072
0.519076
0.529251
0.524144
0.532082
0.511096
0.52547
0.522767
0.526802
0.534445
0.530712
0.522723
0.526772
0.527767
0.518858
0.528727
0.518491
0.516061
0.522854
0.517234
0.522615
0.538617
0.53921
0.516772
0.519813
0.525085
0.537487
0.527147
0.524349
0.531793
0.526554
0.521094
0.529221
0.525492
0.532907
0.528665
0.522857
0.538041
0.529187
0.54032
0.530994
0.541301
0.528005
0.523003
0.537697
0.527751
0.554662
0.542531
0.516138
0.531246
0.535188
0.523251
0.543456
0.536096
0.531054
0.529427
0.526641
0.526471
0.521991
0.534763
0.412549
0.536152
0.525684
0.535438
0.539814
0.548843
0.534558
0.522086
0.506889
0.531505
0.53803
0.545402
0.532797
0.534011
0.529711
0.527775
0.537523
0.525439
0.526023
0.527519
0.524751
0.545172
0.45775
0.512482
0.530291
0.54267
0.53088
0.526405
0.532578
0.531254
0.534966
0.529714
0.533049
0.548863
0.529966
0.539495
0.537801
0.535947
0.554534
0.608759
0.530008
0.529365
0.542
0.533144
0.53579
0.532383
0.534499
0.542455
0.533753
0.535012
0.529424
0.54496
0.460986
0.441491
0.538234
0.535746
0.539874
0.615449
0.53511
0.54741
0.527945
0.543985
0.550011
0.543949
0.540423
0.535125
0.52979
0.541313
0.545148
0.569265
0.555854
0.561937
0.577368
0.551716
0.538789
0.536201
0.54141
0.540102
0.535485
0.538576
0.53408
0.537137
0.547931
0.542848
0.53055
0.530749
0.548307
0.548832
0.560772
0.539245
0.551937
0.545884
0.543167
0.540643
0.538833
0.540304
0.53462
0.534523
0.542814
0.594065
0.574873
0.566028
0.545058
0.568486
0.556452
0.532118
0.556969
0.558522
0.547627
0.552143
0.562719
0.538854
0.538145
0.540707
0.536429
0.537542
0.552873
0.550925
0.560157
0.543307
0.56219
0.534428
0.534015
0.467131
0.520734
0.532244
0.539207
0.551349
0.538177
0.537253
0.54224
0.549085
0.539116
0.544873
0.565196
0.56006
0.57917
0.553774
0.507378
0.50301
0.540021
0.548844
0.545906
0.551815
0.570426
0.538041
0.536136
0.546188
0.544159
0.552167
0.547501
0.545122
0.563955
0.551495
0.542832
0.55139
0.545488
0.562472
0.537979
0.538796
0.543975
0.534813
0.546148
0.542509
0.547705
0.535761
0.541048
0.538132
0.547552
0.553509
0.546149
0.524433
0.546769
0.556385
0.540007
0.557042
0.553714
0.545465
0.556434
0.540548
0.553406
0.535353
0.557056
0.545599
0.546566
0.543294
0.559117
0.569196
0.545673
0.563355
0.537106
0.547567
0.548778
0.542593
0.541796
0.534998
0.54506
0.54928
0.544209
0.551607
0.548801
0.540895
0.554398
0.706924
0.544584
0.56136
0.554365
0.55205
0.540305
0.543292
0.553132
0.54872
0.546256
0.540874
0.551448
0.544874
0.543389
0.547815
0.543598
0.549167
0.55257
0.634006
0.548847
0.543728
0.565199
0.546005
0.554175
0.542954
0.546826
0.549302
0.549222
0.552501
0.559724
0.567124
0.54886
0.554523
0.545816
0.564429
0.571547
0.569754
0.555691
0.551878
0.55439
0.55289
0.544565
0.562531
0.557227
0.557125
0.563205
0.559787
0.557937
0.557261
0.553808
0.567595
0.562636
0.550026
0.55017
0.552151
0.561479
0.54753
0.56623
0.525859
0.566761
0.559903
0.551568
0.554114
0.555842
0.549059
0.559334
0.556135
0.564865
0.569401
0.555145
0.566666
0.562541
0.551007
0.57971
0.56135
0.55247
0.572672
0.556043
0.558044
0.557388
0.565444
0.57154
0.55829
0.569719
0.575222
0.563293
0.561344
0.555283
0.56445
0.571402
0.560327
0.559283
0.557054
0.563662
0.572881
0.57499
0.580154
0.577062
0.560556
0.541927
0.563071
0.571345
0.563627
0.568021
0.577398
0.571522
0.499051
0.480739
0.578626
0.55918
0.583064
0.553892
0.583232
0.561097
0.581595
0.570991
0.569136
0.581406
0.559245
0.564074
0.55951
0.564979
0.542974
0.559228
0.569404
0.559411
0.565551
0.56435
0.573241
0.57066
0.580004
0.580414
0.56754
0.558629
0.565453
0.564214
0.566573
0.583583
0.57111
0.5705
0.572912
0.56973
0.568285
0.529713
0.567569
0.576871
0.56713
0.567402
0.565947
0.559534
0.564866
0.564525
0.57241
0.569699
0.567346
0.581186
0.564084
0.576848
0.583393
0.573624
0.63479
0.579949
0.581358
0.606075
0.54661
0.430413
0.57341
0.57579
0.572468
0.570722
0.583609
0.561833
0.571684
0.576059
0.587858
0.557676
0.577823
0.576247
0.592536
0.590478
0.57166
0.581251
0.560903
0.583633
0.580443
0.585243
0.585632
0.578838
0.583383
0.579293
0.564957
0.58936
0.587975
0.575428
0.583991
0.576449
0.585373
0.582786
0.615691
0.588084
0.568217
0.580112
0.593237
0.575893
0.574604
0.572831
0.577197
0.596595
0.578305
0.576568
0.566541
0.570143
0.590304
0.569358
0.587041
0.594695
0.583949
0.575932
0.579964
0.587083
0.579965
0.568822
0.564478
0.578379
0.583168
0.578447
0.598762
0.579935
0.568729
0.590642
0.596734
0.579033
0.585844
0.578965
0.593859
0.585361
0.587513
0.577604
0.581957
0.585516
0.57033
0.590162
0.582857
0.590714
0.584826
0.588617
0.602211
0.57322
0.582091
0.589447
0.585704
0.591482
0.603653
0.576509
0.647813
0.568834
0.58846
0.593592
0.578323
0.59264
0.589432
0.58472
0.58515
0.579736
0.59637
0.586447
0.590993
0.578855
0.58382
0.583718
0.583218
0.581342
0.572863
0.576556
0.579714
0.589564
0.617371
0.58815
0.574296
0.598087
0.592329
0.585674
0.584368
0.594655
0.591985
0.584955
0.602643
0.590479
0.592393
0.597787
0.606815
0.589283
0.546555
0.552123
0.585801
0.584838
0.597274
0.590006
0.58698
0.586501
0.587309
0.582534
0.58829
0.59044
0.614638
0.59468
0.598443
0.587908
0.593929
0.593975
0.601141
0.581143
0.588395
0.591877
0.657202
0.595545
0.592422
0.589093
0.598664
0.579756
0.583829
0.583239
0.601946
0.57941
0.590733
0.599501
0.600971
0.597522
0.584664
0.615135
0.683452
0.565579
0.589655
0.587628
0.59724
0.591805
0.606832
0.609063
0.614729
0.612027
0.581636
0.596209
0.597624
0.592402
0.596548
0.594641
0.590557
0.58129
0.584746
0.592932
0.605129
0.587691
0.593853
0.58135
0.591508
0.590298
0.610148
0.597461
0.583161
0.596659
0.598608
0.584754
0.594171
0.60551
0.638268
0.584013
0.599545
0.593654
0.592054
0.583617
0.601765
0.610201
0.588019
0.593758
0.59169
0.593506
0.609562
0.605852
0.597874
0.599299
0.602132
0.593858
0.58727
0.599125
0.612914
0.605615
0.591034
0.610093
0.604575
0.594379
0.595778
0.599498
0.601415
0.60624
0.592538
0.605938
0.595695
0.619548
0.611126
0.597433
0.54381
0.521574
0.600807
0.600826
0.598729
0.605501
0.613686
0.602891
0.598282
0.573984
0.601779
0.597654
0.629064
0.594786
0.598886
0.603109
0.598444
0.603106
0.615044
0.599372
0.61118
0.613707
0.59832
0.606422
0.605813
0.609598
0.597772
0.622271
0.617576
0.615141
0.610954
0.610496
0.618527
0.614084
0.618206
0.577606
0.455762
0.609328
0.60232
0.604317
0.621909
0.620556
0.637606
0.61938
0.618336
0.610896
0.604773
0.615198
0.612482
0.626652
0.612795
0.606786
0.601405
0.608609
0.613097
0.607172
0.63199
0.607441
0.603826
0.604824
0.640367
0.609689
0.630156
0.689737
0.609606
0.60185
0.6166
0.615881
0.611159
0.609377
0.607682
0.619512
0.621814
0.613326
0.610799
0.611023
0.608129
0.617996
0.621258
0.663176
0.628614
0.615709
0.607942
0.605566
0.618029
0.646812
0.608702
0.610336
0.617791
0.631324
0.621232
0.610195
0.619539
0.623256
0.643458
0.628281
0.618445
0.60402
0.639755
0.630772
0.632125
0.610008
0.616688
0.61202
0.628579
0.615632
0.617943
0.62153
0.631317
0.613067
0.550466
0.616518
0.620453
0.621728
0.616087
0.606543
0.639156
0.6231
0.617427
0.617787
0.621046
0.625586
0.636751
0.614806
0.628443
0.625749
0.628859
0.618978
0.612904
0.615756
0.610745
0.611309
0.633084
0.626119
0.626805
0.631016
0.613414
0.632827
0.612065
0.636036
0.618719
0.61717
0.619337
0.612521
0.61893
0.604361
0.603751
0.620514
0.622504
0.615693
0.629492
0.6124
0.623966
0.611657
0.629749
0.627471
0.625667
0.616909
0.638457
0.618942
0.618259
0.615465
0.628794
0.640572
0.617433
0.636868
0.617756
0.626334
0.635865
0.614375
0.620429
0.630292
0.656434
0.649977
0.627264
0.613155
0.611939
0.626028
0.616844
0.622267
0.628839
0.629299
0.611557
0.614105
0.640777
0.613026
0.617371
0.620543
0.63162
0.625874
0.623818
0.623004
0.621326
0.611968
0.614546
0.633417
0.629193
0.633918
0.612795
0.633001
0.618671
0.637069
0.603682
0.628817
0.652241
0.621955
0.634364
0.618333
0.738077
0.622386
0.632113
0.615544
0.621042
0.631284
0.630555
0.618497
0.641322
0.637464
0.624468
0.639964
0.638825
0.632434
0.635445
0.606702
0.588457
0.616835
0.628925
0.630982
0.635152
0.620815
0.643488
0.626322
0.64349
0.632608
0.637357
0.622529
0.630155
0.642077
0.626015
0.651697
0.643879
0.635793
0.628966
0.637093
0.636341
0.627924
0.639815
0.636755
0.643079
0.625769
0.636666
0.62368
0.621848
0.642424
0.627653
0.625986
0.624162
0.627455
0.651337
0.640457
0.629227
0.630158
0.643006
0.638595
0.626874
0.634071
0.635392
0.628363
0.645455
0.616594
0.621548
0.628543
0.641333
0.6252
0.627713
0.632363
0.625306
0.634691
0.64315
0.651899
0.625559
0.642252
0.630717
0.624341
0.621748
0.634543
0.62731
0.580713
0.621663
0.636903
0.653283
0.633467
0.623393
0.629449
0.634319
0.638188
0.629861
0.623273
0.634487
0.62084
0.649969
0.642297
0.630711
0.643028
0.641189
0.56962
0.606263
0.633847
0.644435
0.649982
0.634865
0.647236
0.645902
0.662293
0.643392
0.639037
0.620834
0.635833
0.62904
0.636763
0.650289
0.650089
0.636487
0.644359
0.636745
0.64046
0.642716
0.64285
0.642458
0.637595
0.627859
0.647397
0.627313
0.629126
0.65049
0.647743
0.649549
0.646039
0.631942
0.631464
0.653052
0.635758
0.64954
0.596486
0.635062
0.644178
0.649997
0.638517
0.684259
0.707559
0.634172
0.632847
0.654494
0.637181
0.65189
0.651159
0.649786
0.632897
0.650779
0.638249
0.647429
0.6404
0.652936
0.65785
0.718062
0.634372
0.650829
0.647138
0.654894
0.654915
0.657945
0.61141
0.649639
0.64871
0.638258
0.657667
0.648523
0.639126
0.645747
0.659211
0.649038
0.657868
0.638992
0.654196
0.63784
0.644643
0.638463
0.646977
0.614755
0.641172
0.647693
0.675972
0.66093
0.659846
0.647601
0.657962
0.650357
0.649541
0.656926
0.656337
0.643373
0.640882
0.646252
0.65309
0.638001
0.649438
0.643152
0.674282
0.66479
0.661189
0.651558
0.646164
0.665567
0.657161
0.636782
0.644022
0.65069
0.651981
0.634998
0.64376
0.653011
0.634542
0.639441
0.64681
0.658442
0.649831
0.667358
0.664339
0.652393
0.652533
0.651636
0.648162
0.657282
0.651805
0.648652
0.666203
0.631134
0.64756
0.658405
0.651576
0.648956
0.672464
0.66262
0.654704
0.648909
0.662696
0.65275
0.644877
0.645476
0.655548
0.649717
0.644237
0.642989
0.647923
0.650461
0.662285
0.649836
0.650912
0.659659
0.641424
0.645297
0.648743
0.650706
0.660978
0.659412
0.643775
0.651942
0.680646
0.660511
0.65245
0.652584
0.655224
0.646463
0.651458
0.646859
0.664797
0.670843
0.65492
0.659438
0.649855
0.678071
0.626436
0.656538
0.652007
0.657868
0.666602
0.659614
0.730981
0.644518
0.668576
0.65326
0.657232
0.662813
0.665389
0.686121
0.602357
0.670922
0.653742
0.667337
0.651991
0.655951
0.726085
0.658024
0.655628
0.655391
0.661684
0.653209
0.664476
0.649113
0.657295
0.673716
0.654382
0.651783
0.650007
0.666413
0.670312
0.667132
0.655424
0.617346
0.668829
0.656847
0.673693
0.673663
0.682534
0.65905
0.656302
0.654094
0.659597
0.611501
0.650808
0.644775
0.656684
0.674162
0.648061
0.672469
0.65893
0.656849
0.667516
0.661184
0.666442
0.672498
0.672974
0.668812
0.673935
0.651614
0.656921
0.667263
0.629432
0.659389
0.664256
0.651236
0.658325
0.662703
0.671497
0.680635
0.661762
0.658678
0.666623
0.664059
0.672303
0.656225
0.667445
0.676048
0.638187
0.65133
0.673947
0.65883
0.664077
0.6795
0.6743
0.655872
0.662212
0.66942
0.668407
0.679359
0.705419
0.670094
0.679057
0.674648
0.669106
0.671863
0.673386
0.611668
0.687503
0.662912
0.656202
0.665344
0.666062
0.674914
0.661114
0.657396
0.661949
0.664911
0.670701
0.670803
0.652551
0.601714
0.664426
0.652179
0.668726
0.680458
0.669937
0.701472
0.640255
0.677025
0.667981
0.67619
0.673986
0.664328
0.651776
0.723175
0.662766
0.674811
0.674146
0.678222
0.668085
0.688496
0.666338
0.663327
0.672944
0.655568
0.669908
0.683632
0.676681
0.679112
0.666967
0.673933
0.670769
0.664865
0.675619
0.6798
0.672847
0.672889
0.672908
0.680564
0.6752
0.72146
0.733418
0.681649
0.670301
0.668244
0.659316
0.687596
0.678491
0.707507
0.680658
0.669424
0.661269
0.689112
0.618902
0.697808
0.671879
0.677904
0.693066
0.679067
0.693128
0.68025
0.669746
0.678479
0.673276
0.674428
0.692725
0.690061
0.672395
0.680208
0.668003
0.685618
0.677197
0.690558
0.687209
0.677891
0.677917
0.674531
0.689879
0.685664
0.680941
0.68761
0.68149
0.664931
0.673429
0.676612
0.677512
0.681644
0.686088
0.690439
0.690007
0.699892
0.683114
0.710857
0.667011
0.667444
0.67082
0.686221
0.686719
0.691074
0.678652
0.694098
0.678832
0.614558
0.620461
0.677958
0.696626
0.694959
0.687801
0.693693
0.674704
0.683432
0.678506
0.699342
0.677391
0.695791
0.672425
0.686487
0.678853
0.688384
0.692006
0.689722
0.69376
0.6785
0.68693
0.676453
0.686042
0.693411
0.672169
0.680597
0.664501
0.689689
0.69089
0.685549
0.697538
0.683346
0.682478
0.695171
0.691251
0.694637
0.689898
0.682791
0.694165
0.686019
0.689442
0.691403
0.718327
0.692031
0.701665
0.703754
0.683471
0.681173
0.694431
0.685234
0.693056
0.687942
0.681639
0.679752
0.693712
0.709223
0.740228
0.686201
0.682979
0.693847
0.686968
0.699955
0.699777
0.649391
0.669602
0.690781
0.701054
0.695601
0.679175
0.774056
0.697437
0.684496
0.685647
0.690286
0.598743
0.699483
0.693486
0.690444
0.693692
0.692255
0.704122
0.697979
0.682248
0.701294
0.701189
0.687143
0.697594
0.707055
0.718423
0.689344
0.703365
0.685409
0.692361
0.698267
0.712676
0.681091
0.685422
0.709433
0.701857
0.702025
0.695784
0.693184
0.686726
0.688265
0.688015
0.679956
0.695468
0.709329
0.686548
0.69891
0.690165
0.696218
0.690227
0.691323
0.69649
0.709873
0.6942
0.703627
0.692242
0.692657
0.697575
0.698841
0.696369
0.697413
0.712347
0.710098
0.700719
0.710395
0.702046
0.692084
0.694983
0.683571
0.68964
0.702485
0.690638
0.71524
0.693931
0.694966
0.703504
0.69897
0.710419
0.683865
0.704256
0.698735
0.687504
0.693327
0.663273
0.693713
0.691399
0.705439
0.689861
0.703762
0.71836
0.704864
0.693314
0.713072
0.7028
0.701395
0.700261
0.632392
0.707334
0.684105
0.690714
0.706287
0.716461
0.692215
0.697427
0.696626
0.707143
0.698927
0.704368
0.721796
0.693483
0.718392
0.710879
0.69724
0.707153
0.711595
0.710437
0.702135
0.700691
0.702597
0.716029
0.705383
0.771089
0.76275
0.69946
0.710992
0.705255
0.709889
0.704099
0.701944
0.70086
0.716755
0.701464
0.636993
0.700051
0.772666
0.782084
0.694768
0.72048
0.703077
0.700438
0.695524
0.706087
0.712012
0.73523
0.681552
0.718314
0.701057
0.717862
0.704555
0.705083
0.694892
0.714015
0.711204
0.718231
0.701821
0.699355
0.695384
0.712093
0.707475
0.730077
0.712668
0.69119
0.704358
0.713851
0.72366
0.708174
0.710304
0.703106
0.699464
0.705588
0.691254
0.723269
0.651112
0.69454
0.699953
0.706547
0.710658
0.720419
0.709203
0.717953
0.731007
0.722222
0.710499
0.712077
0.708587
0.722944
0.703228
0.706367
0.714755
0.706871
0.710158
0.722725
0.694746
0.703274
0.718428
0.697902
0.712158
0.773136
0.707345
0.709757
0.714382
0.712144
0.712305
0.706963
0.715129
0.701071
0.709719
0.726175
0.700534
0.712386
0.719506
0.699261
0.717128
0.707809
0.713861
0.716624
0.721596
0.71093
0.727114
0.714177
0.714138
0.721147
0.719288
0.708914
0.768309
0.750116
0.729656
0.725991
0.725635
0.709333
0.708852
0.724808
0.714652
0.719273
0.711084
0.742527
0.757972
0.724548
0.728308
0.709272
0.741556
0.712925
0.719719
0.71481
0.729266
0.718972
0.718174
0.741315
0.808733
0.729047
0.71941
0.716868
0.718664
0.712268
0.714867
0.730136
0.73477
0.739571
0.729994
0.73322
0.738344
0.763304
0.721863
0.721757
0.729861
0.723941
0.728187
0.724407
0.722802
0.717682
0.723809
0.723235
0.732557
0.606573
0.536264
0.699169
0.724848
0.7187
0.72713
0.726587
0.727931
0.720529
0.756362
0.719105
0.729546
0.745587
0.726258
0.722124
0.728849
0.735332
0.729207
0.729669
0.720972
0.742074
0.736729
0.740489
0.717501
0.737868
0.730906
0.643327
0.731071
0.715041
0.720213
0.749465
0.722159
0.735255
0.729141
0.732212
0.747814
0.736345
0.734279
0.727838
0.72905
0.722256
0.727033
0.724838
0.736
0.737948
0.724094
0.721382
0.733236
0.719163
0.725722
0.744054
0.722474
0.724513
0.718329
0.727085
0.745779
0.744958
0.676542
0.733734
0.727133
0.717038
0.75174
0.727491
0.729839
0.734586
0.725977
0.73521
0.728686
0.740397
0.737866
0.733701
0.733979
0.733039
0.73615
0.724983
0.718419
0.742709
0.720645
0.736377
0.72957
0.727555
0.733892
0.735059
0.735264
0.724553
0.724435
0.736389
0.567853
0.694811
0.728426
0.737483
0.739637
0.742236
0.725281
0.734938
0.73765
0.746097
0.687182
0.74562
0.823946
0.733471
0.740381
0.7307
0.760496
0.745891
0.74929
0.738228
0.750414
0.733931
0.732228
0.740193
0.722562
0.783378
0.732704
0.738986
0.745732
0.744384
0.742478
0.738721
0.743459
0.744656
0.719739
0.744016
0.73593
0.730702
0.732896
0.732843
0.737205
0.739656
0.726589
0.74093
0.74174
0.730534
0.759371
0.740537
0.749495
0.742107
0.744968
0.735095
0.743859
0.745255
0.794842
0.757566
0.742099
0.748577
0.743854
0.74529
0.75876
0.734462
0.741281
0.743418
0.729692
0.735913
0.757879
0.754618
0.733396
0.737311
0.749215
0.732775
0.750564
0.735171
0.731029
0.728591
0.728016
0.746701
0.747931
0.741262
0.74566
0.738143
0.761392
0.739111
0.738327
0.735648
0.738874
0.771829
0.745146
0.774715
0.757861
0.736776
0.751807
0.745684
0.753901
0.733974
0.738615
0.730425
0.738597
0.732645
0.723924
0.737303
0.747563
0.740596
0.743396
0.746459
0.747354
0.751392
0.761711
0.738432
0.758004
0.769528
0.754115
0.766904
0.772763
0.762449
0.765472
0.75558
0.745521
0.767382
0.733724
0.741111
0.774566
0.752244
0.75506
0.752493
0.752006
0.76995
0.754095
0.754199
0.756267
0.763621
0.746608
0.851396
0.731749
0.767142
0.756254
0.766723
0.736614
0.758005
0.771496
0.750166
0.774381
0.774444
0.760476
0.845792
0.744325
0.759868
0.767089
0.627247
0.741938
0.752666
0.763429
0.765843
0.760929
0.761011
0.76879
0.757605
0.7573
0.765769
0.758579
0.770509
0.776849
0.738954
0.763675
0.750616
0.764892
0.761259
0.756041
0.764846
0.786006
0.765049
0.757838
0.754004
0.752721
0.76287
0.770899
0.75996
0.777273
0.75637
0.75616
0.766228
0.757498
0.752626
0.737829
0.772623
0.761206
0.756498
0.765351
0.759628
0.766904
0.756099
0.745746
0.767365
0.780315
0.777503
0.746014
0.754512
0.766267
0.769079
0.753406
0.756143
0.762506
0.771065
0.768415
0.764834
0.755657
0.765303
0.698095
0.692498
0.764942
0.751488
0.769358
0.758781
0.767675
0.770784
0.754271
0.767991
0.756102
0.773096
0.772869
0.775461
0.799213
0.755838
0.757396
0.790836
0.785714
0.763884
0.761735
0.757863
0.775495
0.76346
0.764224
0.765339
0.756133
0.765288
0.7757
0.776894
0.780494
0.782403
0.761525
0.770097
0.771195
0.784539
0.75756
0.785197
0.708035
0.772832
0.780103
0.76737
0.767733
0.842841
0.762789
0.756229
0.77184
0.751378
0.779619
0.782238
0.773126
0.772462
0.782019
0.782399
0.769731
0.834682
0.771317
0.763254
0.765714
0.716001
0.782743
0.756241
0.762103
0.766388
0.783513
0.766885
0.772914
0.775407
0.781944
0.776229
0.793198
0.663605
0.63895
0.759654
0.769489
0.773066
0.761564
0.778446
0.773858
0.787576
0.780682
0.760279
0.781846
0.779137
0.772376
0.768098
0.780297
0.764571
0.770317
0.757063
0.77296
0.766771
0.766685
0.781032
0.779021
0.784471
0.774636
0.782941
0.771959
0.782967
0.77855
0.779715
0.767694
0.775898
0.765724
0.782369
0.741115
0.744941
0.768723
0.798522
0.771669
0.776243
0.772553
0.782394
0.779417
0.772036
0.778842
0.792483
0.736167
0.796788
0.778194
0.770681
0.78285
0.787094
0.768819
0.765963
0.774246
0.775894
0.781643
0.773665
0.758333
0.775788
0.77741
0.797977
0.794617
0.774962
0.788924
0.762734
0.765628
0.786556
0.761646
0.772841
0.782506
0.777704
0.767782
0.765434
0.777311
0.779145
0.779698
0.766421
0.770171
0.794966
0.720712
0.772228
0.752453
0.782095
0.798532
0.801238
0.763538
0.816177
0.797692
0.793625
0.791337
0.771358
0.767996
0.763826
0.774807
0.801033
0.77452
0.768905
0.78071
0.811379
0.790233
0.787285
0.781848
0.772984
0.765675
0.775855
0.783906
0.776184
0.787513
0.777045
0.797479
0.785946
0.772269
0.787997
0.789278
0.805855
0.782498
0.792768
0.773138
0.789825
0.788219
0.77776
0.769771