2.5e-05
3e-05
4.6e-05
5.3e-05
5.6e-05
8.9e-05
0.000114
0.000109
0.000176
0.000134
0.000149
0.000218
0.000221
0.000191
0.000199
0.000286
0.000362
0.00027
0.000398
0.000432
0.000419
0.000431
0.000523
0.000372
0.000465
0.000395
0.000624
0.000529
0.000688
0.000765
0.000749
0.000851
0.00054
0.000895
0.000606
0.000791
0.000806
0.000668
0.001072
0.000731
0.000783
0.001147
0.000816
0.00137
0.00118
0.000906
0.000928
0.001204
0.002895
0.001792
0.001076
0.0019
0.00191
0.002019
0.002093
0.002127
0.001687
0.002277
0.002079
0.00244
0.001431
0.002582
0.001915
0.001526
0.001587
0.002522
0.002898
0.002964
0.003023
0.002101
0.003225
0.002639
0.003328
0.003004
0.001958
0.002085
0.002491
0.003771
0.002735
0.002682
0.003259
0.004159
0.003057
0.002398
0.004378
0.002536
0.004206
0.003284
0.00398
0.004629
0.004482
0.005033
0.004959
0.003525
0.002952
0.00549
0.003122
0.003279
0.003892
0.004853
0.006025
0.003367
0.003871
0.006349
0.003691
0.004012
0.006757
0.005827
0.004284
0.0046
0.005714
0.007142
0.004929
0.004977
0.00437
0.006543
0.00428
0.005995
0.005982
0.006149
0.008271
0.005858
0.006629
0.006361
0.006272
0.005733
0.006256
0.005876
0.005451
0.007068
0.007692
0.007399
0.005928
0.009203
0.007146
0.008835
0.010232
0.006269
0.009872
0.008023
0.008169
0.013028
0.008231
0.008125
0.007832
0.00647
0.011929
0.010882
0.009368
0.009777
0.008886
0.012939
0.010098
0.008518
0.008972
0.010355
0.010582
0.00862
0.009599
0.008499
0.010255
0.013101
0.008535
0.010349
0.00789
0.013457
0.012102
0.010254
0.012238
0.009657
0.011339
0.010474
0.009584
0.011282
0.01366
0.012289
0.013954
0.01052
0.011213
0.012263
0.011071
0.015113
0.012806
0.009421
0.014473
0.01127
0.010097
0.011896
0.009974
0.012249
0.012307
0.012769
0.01067
0.010481
0.01519
0.011864
0.01342
0.015371
0.013538
0.012966
0.013133
0.011496
0.017783
0.01623
0.01384
0.012339
0.016029
0.014198
0.013213
0.017076
0.017084
0.013528
0.014605
0.018897
0.014055
0.017215
0.014621
0.014408
0.014856
0.012875
0.01396
0.021109
0.017977
0.01783
0.015885
0.015904
0.015128
0.019154
0.017857
0.019322
0.015572
0.01983
0.015995
0.016276
0.017993
0.019395
0.021944
0.020644
0.016396
0.019626
0.019748
0.017354
0.019351
0.027697
0.018529
0.018479
0.020899
0.021285
0.022641
0.021199
0.023482
0.020563
0.022108
0.024037
0.022315
0.020243
0.01761
0.023616
0.022122
0.034133
0.019931
0.025563
0.021198
0.021501
0.020566
0.01984
0.024607
0.019042
0.021731
0.027122
0.021508
0.021863
0.021714
0.023506
0.023051
0.025084
0.026271
0.020807
0.024359
0.027814
0.022879
0.022975
0.031026
0.02514
0.027933
0.029257
0.032471
0.02873
0.022816
0.026485
0.022657
0.024141
0.025741
0.02869
0.036612
0.029317
0.025139
0.026786
0.024309
0.024811
0.028909
0.028612
0.033455
0.026475
0.025548
0.029274
0.028477
0.086805
0.036743
0.029076
0.030642
0.028233
0.026322
0.02674
0.029132
0.032118
0.027832
0.025609
0.031341
0.025746
0.0304
0.030611
0.031337
0.027465
0.026121
0.032474
0.032036
0.026672
0.031091
0.037632
0.038295
0.034782
0.035654
0.039139
0.03068
0.036528
0.034226
0.035777
0.034413
0.030129
0.030258
0.036505
0.036795
0.03594
0.036163
0.036582
0.033724
0.041181
0.037766
0.037685
0.033956
0.038316
0.038949
0.031898
0.036664
0.040224
0.035082
0.039951
0.037202
0.036284
0.033943
0.038299
0.036212
0.037566
0.038089
0.038373
0.050438
0.039554
0.038018
0.045605
0.04021
0.048325
0.04342
0.048117
0.036906
0.036083
0.052694
0.039011
0.041072
0.039824
0.040623
0.047147
0.043581
0.044531
0.040088
0.038556
0.038668
0.043419
0.039749
0.04291
0.048711
0.043542
0.040443
0.045482
0.061622
0.047493
0.043046
0.045093
0.042557
0.041624
0.046825
0.048995
0.044538
0.041567
0.042829
0.047085
0.059676
0.048192
0.045794
0.045508
0.052945
0.050943
0.045404
0.045571
0.049383
0.047763
0.05109
0.046773
0.063979
0.056233
0.043554
0.046504
0.052601
0.045146
0.054954
0.04586
0.05084
0.049688
0.049373
0.05139
0.051401
0.052589
0.054314
0.050998
0.048467
0.063587
0.050396
0.054678
0.058973
0.052419
0.051495
0.055398
0.049617
0.067573
0.055791
0.056734
0.053471
0.063367
0.050408
0.057124
0.055706
0.052983
0.058278
0.068498
0.057644
0.060261
0.059349
0.058173
0.056455
0.064596
0.053268
0.056583
0.054736
0.056752
0.062515
0.061333
0.065182
0.056417
0.062354
0.067237
0.07103
0.058128
0.064451
0.067307
0.060505
0.058426
0.060316
0.066058
0.058011
0.063375
0.062419
0.067735
0.056918
0.063011
0.06678
0.062108
0.07516
0.06741
0.062482
0.072005
0.066665
0.065352
0.064081
0.065943
0.073155
0.068489
0.062405
0.067665
0.065374
0.07259
0.084651
0.072691
0.069545
0.072456
0.066077
0.074894
0.07583
0.076685
0.072359
0.079591
0.066536
0.075776
0.077229
0.077684
0.071737
0.073057
0.06947
0.075736
0.085138
0.069592
0.085825
0.072893
0.072262
0.072371
0.074107
0.069905
0.078118
0.089972
0.0744
0.069007
0.071341
0.074003
0.070079
0.076185
0.070382
0.099544
0.086264
0.088411
0.084289
0.082571
0.074723
0.084487
0.077452
0.081837
0.103965
0.089994
0.085449
0.090937
0.085364
0.089655
0.083809
0.085887
0.077634
0.086127
0.084964
0.075803
0.087907
0.078753
0.087538
0.081773
0.085137
0.081249
0.096106
0.089999
0.079065
0.105478
0.091071
0.09266
0.086746
0.086966
0.100682
0.084682
0.090776
0.086297
0.082927
0.096676
0.098255
0.090616
0.0959
0.100002
0.132887
0.118897
0.09236
0.094243
0.093868
0.096384
0.09795
0.096329
0.095843
0.089603
0.101768
0.09694
0.096787
0.102826
0.089257
0.098124
0.09294
0.092586
0.097296
0.093356
0.092825
0.097616
0.105203
0.10138
0.10151
0.1318
0.094728
0.10006
0.096505
0.107582
0.120616
0.10003
0.096302
0.094798
0.109279
0.107216
0.101729
0.098098
0.098578
0.103618
0.104855
0.110251
0.109498
0.113938
0.10821
0.099315
0.111912
0.102591
0.108115
0.101938
0.110001
0.103768
0.110141
0.098746
0.103113
0.115225
0.104466
0.111638
0.134115
0.115714
0.117974
0.110827
0.100146
0.113266
0.105601
0.106393
0.11501
0.107791
0.110664
0.11677
0.112757
0.109529
0.120446
0.117321
0.125981
0.11136
0.109973
0.128889
0.108111
0.119571
0.120022
0.116044
0.123647
0.110876
0.121597
0.131212
0.117331
0.119886
0.118248
0.116992
0.141329
0.1211
0.113999
0.122153
0.123928
0.119626
0.119543
0.121383
0.117539
0.130561
0.124028
0.121073
0.128798
0.12243
0.119375
0.132161
0.125025
0.132673
0.128162
0.129138
0.131058
0.128601
0.126697
0.13004
0.136042
0.129784
0.130505
0.135626
0.127775
0.119448
0.139058
0.13715
0.14569
0.128051
0.135823
0.125772
0.126184
0.128766
0.13148
0.128344
0.129705
0.126462
0.133236
0.143428
0.148122
0.131926
0.143944
0.138328
0.134404
0.131532
0.141451
0.13111
0.131809
0.136889
0.130004
0.138006
0.138411
0.144611
0.143215
0.133717
0.153325
0.147946
0.149391
0.137898
0.137207
0.142346
0.139132
0.148287
0.136705
0.144515
0.145909
0.148154
0.147766
0.139483
0.146234
0.142389
0.1421
0.143628
0.143965
0.160188
0.147498
0.156263
0.151978
0.146516
0.142599
0.172261
0.142463
0.162598
0.160506
0.15628
0.161752
0.149616
0.151556
0.159332
0.153892
0.164254
0.149441
0.15019
0.153348
0.167141
0.162603
0.154823
0.147925
0.15281
0.184994
0.155217
0.162504
0.160538
0.151741
0.169504
0.161065
0.168139
0.160049
0.159693
0.175229
0.171413
0.170201
0.155075
0.161801
0.149229
0.161036
0.169325
0.162205
0.163979
0.16591
0.191031
0.157817
0.155787
0.167872
0.192353
0.16203
0.174366
0.161699
0.192749
0.182867
0.164255
0.180963
0.17728
0.185176
0.167004
0.171659
0.168896
0.1604
0.172043
0.176022
0.169257
0.17102
0.185484
0.174148
0.173656
0.173199
0.173755
0.176877
0.170396
0.195773
0.176697
0.180841
0.182551
0.181892
0.179446
0.181012
0.178354
0.18604
0.174771
0.17374
0.194916
0.178908
0.178377
0.183163
0.183022
0.174554
0.180405
0.190176
0.177161
0.197484
0.191777
0.183034
0.179408
0.179254
0.18801
0.189866
0.185327
0.183689
0.181204
0.18384
0.182451
0.190768
0.196309
0.186657
0.185775
0.190805
0.181649
0.204026
0.193962
0.212027
0.187307
0.187437
0.18609
0.184943
0.195932
0.197607
0.185964
0.200254
0.197866
0.211569
0.194798
0.19917
0.191736
0.197489
0.19706
0.200783
0.19177
0.21038
0.206722
0.196942
0.202128
0.201269
0.210714
0.193615
0.217436
0.213754
0.193773
0.211677
0.209302
0.201244
0.199272
0.208301
0.194403
0.20963
0.219295
0.201411
0.197989
0.205484
0.2243
0.222232
0.202947
0.22548
0.213717
0.220858
0.218583
0.214099
0.213477
0.223003
0.215087
0.224363
0.219568
0.212374
0.222439
0.218526
0.22351
0.21205
0.22498
0.217808
0.229943
0.21712
0.219412
0.221949
0.214569
0.207938
0.232554
0.213193
0.225207
0.228998
0.235388
0.230133
0.228678
0.229863
0.241234
0.226427
0.220895
0.223938
0.217146
0.230846
0.220733
0.236467
0.224597
0.226786
0.235975
0.229358
0.231632
0.232669
0.243357
0.240229
0.235648
0.234199
0.237568
0.236563
0.239862
0.244669
0.248325
0.242711
0.248314
0.247675
0.240121
0.242048
0.234753
0.245388
0.243827
0.249175
0.254971
0.247666
0.236374
0.248017
0.25938
0.235823
0.271793
0.25479
0.244886
0.257529
0.248292
0.253298
0.24381
0.242948
0.243621
0.253877
0.268419
0.249391
0.279506
0.253299
0.245269
0.255951
0.265231
0.27842
0.255605
0.259543
0.240906
0.255001
0.251105
0.252643
0.256122
0.257068
0.251738
0.257832
0.256542
0.256661
0.261625
0.25271
0.255323
0.257918
0.262958
0.285086
0.273155
0.262987
0.273492
0.26463
0.265665
0.272475
0.262545
0.267464
0.249919
0.291014
0.282685
0.25687
0.29209
0.27728
0.270995
0.290085
0.276491
0.276223
0.274575
0.270605
0.292586
0.283135
0.290594
0.258044
0.257891
0.273759
0.267971
0.267776
0.273483
0.262174
0.277626
0.290536
0.270996
0.275143
0.268485
0.298128
0.279963
0.28427
0.288736
0.264042
0.271317
0.265741
0.270591
0.27135
0.300256
0.270277
0.273357
0.289562
0.275697
0.272482
0.282013
0.276986
0.29007
0.285642
0.284502
0.276512
0.297142
0.30616
0.290966
0.290763
0.286455
0.314661
0.281004
0.287538
0.292152
0.293782
0.281989
0.299715
0.291481
0.321194
0.299599
0.297892
0.296137
0.284119
0.314224
0.294873
0.307563
0.291136
0.284385
0.295747
0.303263
0.297682
0.291047
0.30274
0.292884
0.305129
0.310682
0.300075
0.291688
0.298024
0.295443
0.295683
0.301716
0.301012
0.315977
0.296037
0.317088
0.310285
0.313127
0.323415
0.312435
0.31779
0.314635
0.307752
0.307326
0.300866
0.324211
0.318052
0.310028
0.317501
0.323165
0.311429
0.317351
0.3207
0.335396
0.312571
0.342541
0.334659
0.319437
0.349434
0.321314
0.33215
0.318298
0.319475
0.335858
0.3273
0.318485
0.316048
0.329584
0.338065
0.328996
0.332711
0.341146
0.335557
0.337991
0.351701
0.332404
0.333454
0.339796
0.336083
0.360839
0.327648
0.32797
0.329126
0.353994
0.334095
0.374737
0.341666
0.337694
0.33712
0.351612
0.319762
0.380156
0.34011
0.350044
0.351611
0.352745
0.324297
0.348464
0.344445
0.363638
0.352513
0.338154
0.336309
0.33015
0.339674
0.355716
0.344792
0.357022
0.357084
0.362539
0.349185
0.346491
0.336725
0.358824
0.366729
0.349261
0.358907
0.341629
0.354203
0.372671
0.345987
0.375185
0.344352
0.34863
0.355528
0.356085
0.350555
0.360815
0.379218
0.366347
0.364257
0.356358
0.371433
0.351676
0.357312
0.356755
0.371773
0.376457
0.386189
0.362887
0.372604
0.365999
0.363479
0.383374
0.367083
0.376812
0.377726
0.372758
0.373021
0.378915
0.369443
0.371089
0.36763
0.381282
0.391986
0.393626
0.377067
0.380319
0.362496
0.375391
0.390964
0.371316
0.378171
0.37846
0.394944
0.381054
0.371625
0.374357
0.378663
0.372775
0.393121
0.373058
0.389288
0.38773
0.403346
0.386029
0.401033
0.403548
0.381718
0.405624
0.392348
0.391495
0.388444
0.386849
0.391406
0.393389
0.403251
0.3884
0.398025
0.399751
0.38936
0.379971
0.403778
0.397579
0.434003
0.398243
0.417558
0.411134
0.405936
0.422324
0.41585
0.400928
0.413058
0.423249
0.42847
0.435053
0.419307
0.405
0.401064
0.421722
0.406335
0.41316
0.442818
0.424966
0.442772
0.429371
0.432904
0.434672
0.45089
0.441209
0.459015
0.439352
0.43535
0.437383
0.45083
0.425481
0.479773
0.457852
0.447529
0.444538
0.457296
0.45716
0.442941
0.461473
0.439262
0.446429
0.446047
0.456535
0.453077
0.46017
0.465882
0.448582
0.484544
0.454523
0.462768
0.447754
0.456932
0.476471
0.476979
0.466668
0.474017
0.456131
0.451782
0.469604
0.484623
0.465026
0.482948
0.468301
0.468205
0.462036
0.474253
0.463204
0.475048
0.479777
0.49397
0.484984
0.470367
0.482352
0.456048
0.499284
0.485171
0.469569
0.474897
0.480261
0.480438
0.476584
0.469111
0.4614
0.485029
0.508847
0.48586
0.490047
0.492973
0.496381
0.491007
0.490029
0.483059
0.485662
0.501348
0.513102
0.498674
0.542018
0.479888
0.500444
0.497085
0.488359
0.489186
0.504792
0.515203
0.500495
0.565261
0.512197
0.528087
0.585831
0.533921
0.614266
0.523735
0.532264
0.520369
0.519046
0.507885
0.513482
0.51818
0.510723
0.523557
0.51234
0.50843
0.512333
0.518168
0.50262
0.506394
0.51221
0.503408
0.520327
0.500022
0.533441
0.519067
0.537625
0.520464
0.522035
0.520907
0.527186
0.540209
0.515585
0.532745
0.522212
0.521005
0.518714
0.534483
0.503385
0.529427
0.524904
0.533611
0.515009
0.516962
0.518443
0.537441
0.552055
0.533602
0.540356
0.559134
0.545729
0.53871
0.527893
0.547822
0.531559
0.540938
0.519317
0.521541
0.549702
0.540327
0.565253
0.561001
0.575202
0.554229
0.563809
0.561457
0.595099
0.561302
0.576926
0.544184
0.54861
0.536827
0.572909
0.550174
0.568156
0.557449
0.563004
0.562941
0.560209
0.576952
0.559092
0.589235
0.559619
0.541855
0.563506
0.553006
0.576695
0.552417
0.569085
0.567318
0.575252
0.562492
0.594463
0.582567
0.574851
0.555434
0.575303
0.565614
0.567065
0.571865
0.574993
0.564681
0.569498
0.590552
0.59078
0.561333
0.570702
0.577828
0.617809
0.565718
0.598945
0.586588
0.569989
0.570412
0.595216
0.588523
0.594823
0.584662
0.599886
0.58405
0.599874
0.585152
0.610594
0.582353
0.600759
0.591969
0.602495
0.593807
0.596162
0.581769
0.609416
0.607169
0.580359
0.617643
0.608433
0.619358
0.606231
0.597021
0.611632
0.609779
0.619572
0.629905
0.61122
0.60543
0.612983
0.639994
0.79944
0.602336
0.603717
0.646407
0.601565
0.623663
0.630871
0.643921
0.607715
0.606081
0.762704
0.607062
0.634818
0.65418
0.646586
0.632028
0.666901
0.655407
0.63394
0.634779
0.646896
0.632504
0.617366
0.626362
0.618425
0.630497
0.643052
0.616932
0.642384
0.637411
0.637066
0.612796
0.635405
0.662262
0.654726
0.625654
0.655973
0.635365
0.644291
0.656023
0.655887
0.670273
0.649954
0.650903
0.664334
0.641701
0.677094
0.656231
0.642321
0.632579
0.663939
0.661601
0.660006
0.648418
0.650221
0.637695
0.686137
0.651059
0.665619
0.65662
0.670302
0.670321
0.669147
0.691393
0.663517
0.671243
0.685132
0.665536
0.668076
0.648941
0.652383
0.686871
0.696695
0.673437
0.709804
0.651342
0.6784
0.688533
0.67647
0.668203
0.686655
0.687584
0.683651
0.662185
0.66134
0.691332
0.718855
0.68721
0.682464
0.688571
0.690689
0.700686
0.693082
0.685576
0.69657
0.709408
0.690594
0.672531
0.702772
0.711499
0.715318
0.692231
0.708352
0.696591
0.718361
0.710734
0.698199
0.698516
0.694324
0.711576
0.709075
0.716295
0.714552
0.684072
0.727806
0.703651
0.71449
0.713756
0.727652
0.69778
0.710249
0.712291
0.722643
0.707984
0.709165
0.704329
0.721309
0.732491
0.746229
0.723041
0.701848
0.720508
0.732055
0.726993
0.758719
0.724904
0.72914
0.761401
0.720127
0.738006
0.706084
0.753131
0.71819
0.72084
0.756178
0.715081
0.710755
0.701877
0.732978
0.731822
0.744904
0.740176
0.74141
0.760361
0.736553
0.790067
0.742694
0.738093
0.761078
0.741056
0.746315
0.757525
0.728507
0.755705
0.777521
0.75332
0.751215
0.756122
0.761037
0.753218
0.757243
0.76233
0.753279
0.746755
0.759752
0.776652
0.782538
0.778416
0.766905
0.786778
0.795271
0.773661
0.773473
0.77318
0.75721
0.802166
0.769967
0.765987
0.785028
0.774502
0.766656
0.765176
0.793462
0.79715
0.7683
0.773732
0.777059
0.746644
0.780513
0.787024
0.799245
0.777164
0.782558
0.766541
0.795967
0.789869
0.794349
0.784976
0.779376
0.789596
0.787556
0.79989
0.794019
0.821931
0.8116
0.8095
0.816197
0.78627
0.828615
0.822713
0.803247
0.797631
0.817152
0.81662
0.815577
0.808289
0.827906
0.806644
0.804465
0.821809
0.8317
0.822518
0.83161
0.803625
0.795561
0.890269
0.831632
0.913583
0.862556
0.960603
0.852454
0.849842
1.00005
1.02443
0.88866
0.874733
0.847896
0.870584
0.84766
0.879384
0.875748
0.856032
0.874284
0.860861
0.874313
0.830689
0.864693
0.863539
0.841087
0.844095
0.838411
0.843245
0.846497
0.80939
0.84436
0.87677
0.896356
0.879183
0.852011
0.820187
0.860278
0.859253
0.844
0.849699
0.862176
0.850524
0.853182
0.856333
0.848959
0.864529
0.85437
0.838077
0.874971
0.867629
0.839877
0.842972
0.865227
0.866957
0.901149
0.85626
0.867588
0.859921
0.869196
0.918169
0.907256
0.860287
0.850739
0.861149
0.857144
0.885692
0.906732
0.925175
0.895784
0.881796
0.874069
0.897028
0.867447
0.910745
0.905083
0.858932
0.893856
0.871528
0.865534
0.856866
0.882987
0.909992
0.869328
0.868191
0.852587
0.876407
0.918074
0.866449
0.892706
0.866531
0.869353
0.883359
0.882689
0.897217
0.893858
0.897358
0.886016
0.91771
0.890712
0.914243
0.880825
0.878104
0.915997
0.905717
0.918386
0.901175
0.877514
0.894261
0.894601
0.887005
0.932084
0.904576
0.911591
0.887923
0.896698
0.950816
0.939111
0.939638
0.93333
0.906177
0.900988
0.970857
0.922951
0.926344
0.916561
0.932216
0.902737
0.913102
0.918535
0.918349
0.928386
0.917808
0.911948
0.947563
0.920266
0.924979
0.931064
0.942085
0.912246
0.925792
0.929735
0.925256
0.944907
0.941119
0.968561
0.945093
0.959714
0.936381
0.92587
0.952576
0.953004
0.953174
0.987549
0.968348
0.930045
0.936387
0.936731
0.958369
0.9479
0.941214
0.957262
0.950386
0.945864
0.990174
0.970857
0.957244
0.970416
0.961926
0.975366
0.962498
0.967724
0.966861
0.950411
0.980936
0.965978
0.960353
0.999385
0.968725
0.986577
0.991546
0.982721
0.966709
0.973992
0.989799
0.976834
0.987355
0.987972
0.984224
1.00123
0.966983
0.970364
1.01348
0.976593
1.00272
1.01145
0.995776
0.99678
0.982137
1.00572
0.979489
1.00695
0.988791
1.01763
1.01176
1.01574
0.991897
0.977976
0.979256
1.0395
1.02909
0.999614
1.0015
1.00561
1.02348
1.02903
1.00113
1.02727
1.01419
1.01063
1.029
1.00267
1.02
1.02537
1.05033
1.01317
0.989795
0.998121
0.977638
0.989934
0.997219
1.02693
1.02331
1.00169
1.05479
1.02686
1.03276
1.02059
0.985579
1.0211
1.03473
1.00315
1.02642
1.03792
1.03138
1.06425
1.04603
1.02582
1.03687
1.03752
1.02269
1.03989
1.04908
1.08967
1.06769
1.02362
1.04446
1.04045
1.0512
1.04851
1.04744
1.04616
1.06884
1.09424
1.05174
1.0553
1.08997
1.04505
1.0669
1.05069
1.05557
1.07319
1.069
1.06389
1.05912
1.09059
1.05661
1.09833
1.07152
1.04614
1.05609
1.08042
1.08176
1.11087
1.1046
1.06146
1.06683
1.07435
1.06534
1.07593
1.12421
1.08184
1.09307
1.12264
1.09922
1.06887
1.08905
1.07468
1.06475
1.11491
1.08929
1.07538
1.07666
1.07687
1.10639
1.08275
1.10053
1.10759
1.10108
1.14095
1.13272
1.10963
1.0922
1.09466
1.0859
1.06941
1.10174
1.13832
1.09885
1.10204
1.11713
1.10776
1.09972
1.08924
1.10218
1.11873
1.138
1.11573
1.07577
1.13502
1.16159
1.1314
1.14141
1.11695
1.12755
1.12977
1.15622
1.13579
1.18712
1.16983
1.20541
1.18327
1.17775
1.18441
1.17327
1.13922
1.27814
1.16544
1.14476
1.16735
1.14928
1.14816
1.17469
1.16592
1.14092
1.15703
1.1455
1.11584
1.12725
1.14731
1.14821
1.14197
1.13941
1.13174
1.12864
1.15034
1.16778
1.16526
1.16067
1.19394
1.1685
1.15311
1.14865
1.16417
1.16409
1.15267
1.20183
1.19666
1.16977
1.17239
1.18519
1.16906
1.20416
1.17208
1.18869
1.19873
1.22071
1.19362
1.17624
1.1961
1.18257
1.19958
1.17137
1.18543
1.1778
1.19953
1.19573
1.21294
1.20601
1.1947
1.22534
1.1695
1.1919
1.16473
1.20145
1.24084
1.19952
1.20164
1.22657
1.21368
1.19406
1.18207
1.18258
1.1983
1.20669
1.20135
1.23712
1.21432
1.19761
1.22249
1.20397
1.23258
1.22447
1.19092
1.2269
1.25895
1.26178
1.21809
1.19837
1.22882
1.22909
1.22904
1.25834
1.21995
1.23561
1.2392
1.2472
1.27482
1.23475
1.22798
1.25034
1.28215
1.23662
1.23188
1.20896
1.26496
1.23944
1.25969
1.25285
1.26403
1.27391
1.23007
1.26812
1.2664
1.27294
1.24408
1.28688
1.25441
1.27719
1.26461
1.25319
1.26304
1.28952
1.23353
1.30334
1.28992
1.25789
1.29806
1.24345
1.27296
1.26372
1.2604
1.29242
1.2712
1.26731
1.27656
1.28322
1.29943
1.2697
1.28701
1.32936
1.28279
1.26399
1.28344
1.27825
1.26728
1.29698
1.29865
1.29477
1.28149
1.26072
1.3089
1.31811
1.307
1.29414
1.31766
1.29689
1.28086
1.27041
1.29951
1.30702
1.2914
1.31872
1.30427
1.28042
1.28599
1.27029
1.31089
1.29529
1.31216
1.32889
1.30845
1.33405
1.32228
1.33865
1.32748
1.3462
1.33371
1.33857
1.33931
1.32323
1.34455
1.3291
1.34057
1.33697
1.35682
1.35356
1.35731
1.34458
1.33409
1.33635
1.32885
1.36
1.35448
1.35952
1.36329
1.35369
1.35513
1.33552
1.36
1.37441
1.35239
1.3961
1.37293
1.41003
1.42312
1.44893
1.45341
1.38724
1.43024
1.48266
1.42754
1.40844
1.4053
1.43882
1.41863
1.24889
1.28512
1.3129
1.38985
1.28317
1.30404
1.31073
1.28486
1.29143
1.32736
1.31397
1.28939
1.35818
1.3466
1.32648
1.29474
1.29482
1.32831
1.31132
1.34062
1.34143
1.33882
1.28937
1.28971
1.31166
1.29782
1.30125
1.34366
1.30961
1.29859
1.28498
1.3213
1.37205
1.31393
1.3893
1.35639
1.35844
1.41582
1.35958
1.39306
1.37577
1.40187
1.35811
1.31425
1.34121
1.33767
1.31964
1.35025
1.31722
1.36106
1.39448
1.36211
1.43384
1.42783
1.38381
1.34836
1.48359
1.42547
1.3935
1.37064
1.36121
1.33704
1.38413
1.38864
1.35918
1.39829
1.39158
1.39384
1.39389
1.35607
1.35701
1.36337
1.38658
1.41748
1.40509
1.5597
1.3997
1.40057
1.40998
1.37994
1.39727
1.38383
1.33795
1.35876
1.35127
1.40934
1.35468
1.40574
1.36285
1.37224
1.37
1.34826
1.36803
1.38599
1.36268
1.38165
1.36755
1.37887
1.36365
1.42824
1.39889
1.36604
1.3563
1.4008
1.36272
1.37614
1.36302
1.39559
1.39478
1.39441
1.40866
1.40682
1.4114
1.41548
1.43316
1.42734
1.45598
1.42418
1.47717
1.44583
1.46417
1.49068
1.49842
1.47388
1.42629
1.43052
1.41104
1.42867
1.41754
1.42434
1.39085
1.422
1.40036
1.46133
1.40364
1.47345
1.4094
1.39811
1.429
1.3994
1.40862
1.42582
1.45185
1.41411
1.43873
1.40575
1.42279
1.47288
1.43262
1.42802
1.43198
1.44897
1.42574
1.40259
1.40523
1.44395
1.45812
1.44013
1.4369
1.47171
1.46901
1.43017
1.48357
1.44698
1.45919
1.45867
1.45411
1.43421
1.4413
1.50814
1.4777
1.46186
1.48675
1.46993
1.46282
1.46543
1.46708
1.49389
1.43977
1.46711
1.45338
1.47736
1.46788
1.49909
1.45584
1.53506
1.50555
1.44147
1.45478
1.46312
1.48546
1.45941
1.45687
1.46674
1.45498
1.48471
1.5031
1.49104
1.45968
1.49063
1.49018
1.48301
1.46695
1.53575
1.46447
1.47434
1.49179
1.4807
1.47429
1.46235
1.51776
1.50142
1.49843
1.49878
1.49513
1.49311
1.52186
1.48401
1.52689
1.50579
1.49714
1.49195
1.51028
1.50719
1.51848
1.53523
1.54846
1.53715
1.54934
1.54659
1.53664
1.52119
1.55183
1.49066
1.53672
1.58442
1.54633
1.51749
1.6443
1.51445
1.53811
1.54687
1.57987
1.56252
1.54417
1.54835
1.52546
1.51945
1.53859
1.57534
1.54973
1.53916
1.54675
1.56744
1.57619
1.55212
1.57244
1.52941
1.55169
1.53903
1.58611
1.58908
1.54535
1.56026
1.55845
1.57692
1.56568
1.55188
1.54325
1.55739
1.58729
1.61367
1.56606
1.56249
1.53189
1.57923
1.56089
1.56822
1.54726
1.57288
1.56966
1.57487
1.55182
1.57103
1.58912
1.61961
1.60349
1.5858
1.58689
1.60177
1.61666
1.63503
1.69273
1.61966
1.63554
1.59336
1.62298
1.60168
1.6224
1.58158
1.61733
1.63548
1.59801
1.60231
1.59537
1.60381
1.6041
1.59816
1.65169
1.60374
1.61703
1.60972
1.6249
1.63494
1.63384
1.62475
1.65112
1.61473
1.62369
1.6617
1.65269
1.63646
1.63257
1.61613
1.6286
1.64832
1.63905
1.64502
1.66375
1.65403
1.64472
1.64855
1.65521
1.62067
1.67322
1.62384
1.66131
1.63246
1.64775
1.63661
1.65958
1.65149
1.67685
1.6893
1.6509
1.67266
1.6878
1.65465
1.68634
1.69035
1.67815
1.66616
1.66077
1.66385
1.66522
1.71292
1.66821
1.69087
1.70261
1.69078
1.68399
1.74565
1.73768
1.72006
1.741
1.69656
1.69848
1.71766
1.69972
1.71145
1.72628
1.7052
1.75312
1.6953
1.70342
1.75226
1.68446
1.74463
1.75952
1.71601
1.71111
1.7248
1.74332
1.72785
1.72909
1.71944
1.76901
1.7165
1.70294
1.73495
1.70834
1.71425
1.7086
1.73216
1.73751
1.71397
1.76148
1.75832
1.75419
1.73029
1.72135
1.70678
1.72088
1.75267
1.75327
1.70226
1.72851
1.72068
1.72554
1.74918
1.77408
1.75294
1.779
1.7708
1.7519
1.7763
1.75043
1.77599
1.76176
1.74333
1.74254
1.79861
1.74263
1.76635
1.73406
1.7568
1.76365
1.7487
1.77608
1.76557
1.74878
1.72631
1.76434
1.76987
1.77952
1.76262
1.76636
1.74216
1.78317
1.76907
1.74625
1.77348
1.78016
1.78401
1.78766
1.80784
1.76629
1.78601
1.78802
1.7837
1.79372
1.74352
1.76231
1.75473
1.81415
1.77845
1.76577
1.77232
1.76312
1.781
1.8168
1.80582
1.77382
1.80208
1.80327
1.77854
1.83613
1.81136
1.78787
1.80524
1.78198
1.84533
1.80202
1.7882
1.87221
1.9159
1.92754
1.86936
1.90732
1.92451
1.89503
1.88422
1.85263
1.87103
1.86195
1.83616
1.90882
1.881
1.83519
1.83649
1.8188
1.83929
1.85731
1.83228
1.83049
1.81203
1.83987
1.84366
1.88649
1.82573
1.82495
1.85701
1.85398
1.86255
1.81251
1.81991
1.84442
1.85778
1.83667
1.85848
1.86599
1.83932
1.83212
1.83778
1.87811
1.84382
1.88055
1.85882
1.84406
1.92705
1.92516
1.89069
1.84468
1.83882
1.89543
1.86173
1.91528
1.90049
1.90891
1.89252
1.92134
1.88943
1.91801
1.85996
1.90433
1.91329
1.88925
1.9123
1.87673
1.9129
1.9152
1.93008
1.88343
1.86496
1.87056
1.90784
1.88986
1.88623
1.89391
1.86314
1.88496
1.91499
1.89872
1.9142
1.92337
1.90511
1.92426
1.93287
1.9198
1.88453
1.94542
1.95548
1.95862
1.93593
1.9164
1.94687
1.9543
1.94675
1.88774
1.92957
1.96184
1.95828
1.94715
1.95929
1.91848
1.96069
1.95059
1.92547
1.95055
1.95938
1.95197
1.98654
1.92975
1.96114
1.94931
1.96331
1.9495
2.00321
1.94623
1.95011
2.03146
2.00127
2.01508
2.00481
1.94285
1.95711
2.02189
2.00893
1.99573
1.98279
2.00899
1.99597
1.96331
2.02422
1.98719
2.03876
1.97779
1.99879
1.99399
2.00588
2.0127
2.01184
2.01022
2.03896
2.02405
2.01407
1.99943
2.04689
2.05002
2.03972
2.08042
2.01438
2.03409
2.0355
2.02623
2.0681
2.09249
2.03012
1.98268
2.0806
2.0021
2.01424
2.02196
2.01966
2.03362
2.0482
2.07114
2.04743
2.23925
2.26219
2.13929
2.12868
2.07748
2.09699
2.0567
2.0475
2.02854
2.08665
2.04468
2.08052
2.04925
2.05949
2.07384
2.11079
2.07179
2.10321
2.07829
2.09299
2.11186
2.08832
2.10473
2.09928
2.06322
2.12669
2.08671
2.08167
2.13146
2.10152
2.16924
2.11158
2.09485
2.10904
2.12616
2.10196
2.08934
2.12086
2.12139
2.43017
2.14767
2.11932
2.08891
2.26037
2.1074
2.1547
2.11306
2.11817
2.11875
2.10738
2.09879
2.15724
2.16702
2.15512
2.11745
2.16
2.13585
2.13583
2.13409
2.13364
2.12908
2.18043
2.15556
2.10459
2.14778
2.10792
2.11293
2.16688
2.14139
2.12709
2.14599
2.16116
2.15474
2.12705
2.14835
2.13526
2.17421
2.15236
2.13814
2.16278
2.13837
2.15904
2.12456
2.12192
2.15566
2.14555
2.18316
2.13901
2.1505
2.15342
2.18644
2.15853
2.13678
2.16642
2.13985
2.19421
2.14776
2.15651
2.18316
2.18211
2.17025
2.17521
2.18233
2.16328
2.19345
2.14432
2.15936
2.17648
2.15607
2.15758
2.19725
2.15711
2.20207
2.25968
2.17899
2.18788
2.16827
2.20841
2.17796
2.19518
2.19464
2.19791
2.29566
2.20617
2.18159
2.23567
2.25563
2.23173
2.2272
2.20799
2.25643
2.23504
2.18822
2.20274
2.21284
2.23815
2.2222
2.24016
2.22929
2.23492
2.26525
2.20494
2.22794
2.21479
2.25262
2.20855
2.21958
2.22453
2.24106
2.28716
2.27673
2.23736
2.25136
2.2487
2.23198
2.26181
2.21328
2.2402
2.26334
2.25049
2.26371
2.27039
2.29248
2.28674
2.27501
2.27161
2.28815
2.28047
2.2486
2.24302
2.27038
2.31307
2.25807
2.28309
2.27645
2.29178
2.27603
2.25541
2.26805
2.27666
2.27009
2.26633
2.27078
2.25837
2.35147
2.2715
2.26457
2.28999
2.31275
2.30553
2.29395
2.29197
2.2942
2.31086
2.25604
2.2972
2.35227
2.3483
2.31369
2.28513
2.32057
2.35712
2.30683
2.31132
2.33759
2.34862
2.30899
2.31208
2.30678
2.35654
2.38011
2.36722
2.33476
2.31042
2.32597
2.29726
2.32542
2.33991
2.36492
2.32868
2.33394
2.35361
2.37474
2.35319
2.38041
2.46196
2.37064
2.36268
2.34612
2.34619
2.37379
2.40731
2.37345
2.39024
2.4194
2.4148
2.36882
2.40901
2.41034
2.40947
2.41193
2.42715
2.41462
2.41809
2.38961
2.37775
2.43383
2.40645
2.37478
2.35488
2.36301
2.50326
2.42016
2.39409
2.39494
2.41838
2.44334
2.43241
2.44218
2.44184
2.41041
2.41296
2.41111
2.44783
2.43741
2.43876
2.48724
2.45615
2.46382
2.49491
2.45697
2.4439
2.43075
2.43777
2.44118
2.52496
2.45564
2.41911
2.43696
2.42665
2.41268
2.43262
2.43347
2.48338
2.46666
2.44886
2.44707
2.4816
2.45071
2.4585
2.42809
2.49058
2.46599
2.47185
2.46033
2.47795
2.4488
2.44499
2.51633
2.49617
2.47695
2.48034
2.53136
2.51833
2.45576
2.45553
2.51396
2.48714
2.48862
2.47012
2.4968
2.53785
2.47205
2.5069
2.52063
2.52015
2.60058
2.45917
2.47019
2.49693
2.49677
2.45069
2.50153
2.53054
2.50547
2.94219
2.47407
2.53306
2.53193
2.56218
2.53422
2.57669
2.54314
2.52123
2.50054
2.51958
2.52704
2.54918
2.52944
2.55309
2.53764
2.50469
2.46817
2.50603
2.49089
2.50914
2.52783
2.52891
2.52046
2.4989
2.49496
2.52458
2.50346
2.48327
2.47406
2.52567
2.52023
2.50348
2.50067
2.53106
2.51163