2.6e-05
0.000118
0.000137
0.000221
0.000315
0.000337
0.000431
0.00054
0.00057
0.000662
0.000687
0.000726
0.000806
0.000917
0.001022
0.001124
0.00152
0.001277
0.001363
0.001453
0.001484
0.001555
0.001582
0.001633
0.001715
0.002055
0.003238
0.002083
0.002227
0.002258
0.002362
0.002508
0.002524
0.002695
0.002712
0.002727
0.002854
0.002934
0.003055
0.003137
0.003219
0.004692
0.003351
0.003353
0.003398
0.00343
0.003469
0.003468
0.003606
0.003748
0.003828
0.003948
0.00411
0.004161
0.004326
0.004359
0.004877
0.004631
0.004696
0.004758
0.005023
0.005223
0.005118
0.005163
0.005248
0.005423
0.005582
0.005551
0.005691
0.005801
0.006136
0.005924
0.007252
0.006245
0.006295
0.00633
0.006454
0.006597
0.006626
0.006723
0.006894
0.006906
0.007278
0.00742
0.007057
0.007143
0.007156
0.007173
0.007302
0.007346
0.007354
0.007327
0.008069
0.007459
0.007496
0.007582
0.008898
0.007827
0.008176
0.008048
0.008231
0.008359
0.008418
0.008616
0.008696
0.009827
0.008915
0.0089
0.009012
0.013531
0.009349
0.009465
0.009996
0.009836
0.009769
0.010086
0.010207
0.010131
0.010146
0.010217
0.010374
0.010608
0.010795
0.014018
0.01214
0.011261
0.01107
0.011189
0.011226
0.011348
0.011466
0.011556
0.012686
0.011615
0.011561
0.012832
0.012502
0.012691
0.013274
0.012226
0.012266
0.012289
0.013037
0.01247
0.012578
0.012749
0.013822
0.01339
0.014063
0.013895
0.013261
0.013345
0.013473
0.013906
0.013835
0.013811
0.014815
0.014309
0.014075
0.016386
0.014451
0.014231
0.014167
0.014384
0.014306
0.01441
0.017955
0.014735
0.014852
0.014876
0.014919
0.015097
0.016103
0.01486
0.014896
0.017022
0.015311
0.016367
0.016141
0.015144
0.015332
0.015806
0.015322
0.016986
0.020312
0.015894
0.015794
0.015946
0.015882
0.015982
0.015899
0.015945
0.016461
0.01669
0.016643
0.016699
0.016646
0.017502
0.019787
0.018721
0.017274
0.017475
0.01758
0.017849
0.018412
0.01802
0.018014
0.018092
0.018442
0.020714
0.019174
0.018821
0.019442
0.019181
0.019351
0.019008
0.021843
0.019911
0.019785
0.019522
0.019118
0.019415
0.019515
0.02253
0.020013
0.020862
0.020297
0.02165
0.022353
0.0204
0.022322
0.021253
0.021068
0.021125
0.023126
0.022345
0.02192
0.022438
0.021238
0.021479
0.0252
0.021941
0.022105
0.024342
0.022843
0.023172
0.022617
0.022367
0.022964
0.025301
0.023657
0.025484
0.026288
0.0233
0.023292
0.027045
0.02541
0.024077
0.024158
0.024109
0.024245
0.024548
0.02402
0.024082
0.024387
0.025275
0.024723
0.02784
0.025386
0.025172
0.025857
0.025258
0.025856
0.025499
0.02615
0.026291
0.026126
0.031101
0.028524
0.027472
0.027654
0.02573
0.025746
0.02692
0.026315
0.026205
0.02609
0.02606
0.026776
0.026505
0.026675
0.026964
0.026666
0.027272
0.028394
0.027464
0.027566
0.028827
0.028756
0.030236
0.029539
0.028656
0.028145
0.030323
0.029523
0.028701
0.030211
0.028328
0.029884
0.032291
0.028731
0.029042
0.032194
0.031236
0.029017
0.030084
0.029596
0.029748
0.032578
0.032433
0.029894
0.030232
0.030256
0.03009
0.030002
0.030395
0.030944
0.031214
0.031099
0.032003
0.031671
0.032252
0.032016
0.031173
0.030932
0.030937
0.032631
0.031637
0.031787
0.031712
0.032289
0.032744
0.032622
0.031633
0.032458
0.032672
0.031913
0.032845
0.032202
0.032986
0.03176
0.032022
0.032205
0.035978
0.032281
0.032194
0.033718
0.032801
0.034885
0.033406
0.033683
0.033345
0.034204
0.03286
0.03317
0.033224
0.03556
0.033634
0.033382
0.034871
0.034402
0.034769
0.035364
0.033068
0.03646
0.035595
0.036059
0.036281
0.033565
0.034561
0.034997
0.033256
0.033612
0.034616
0.034851
0.034836
0.034062
0.034744
0.034153
0.034031
0.03718
0.035961
0.035024
0.039403
0.036036
0.041979
0.035601
0.037151
0.036526
0.037444
0.037026
0.037826
0.036865
0.038399
0.037235
0.037335
0.036781
0.03931
0.036316
0.036341
0.050222
0.044556
0.039617
0.039585
0.040212
0.039623
0.039215
0.040112
0.039249
0.039633
0.039869
0.040383
0.039353
0.040717
0.042329
0.044484
0.039928
0.040183
0.042276
0.040841
0.04042
0.042279
0.040664
0.040443
0.04031
0.040906
0.040396
0.044653
0.041189
0.040684
0.041111
0.041882
0.040622
0.041618
0.041241
0.044231
0.04225
0.041466
0.043596
0.045558
0.042921
0.0422
0.044879
0.04305
0.044616
0.04333
0.0436
0.042944
0.047115
0.042685
0.044863
0.043328
0.046929
0.043958
0.045792
0.04679
0.046296
0.044509
0.05054
0.048527
0.045719
0.045721
0.044702
0.04524
0.0476
0.04518
0.045109
0.046678
0.046579
0.045975
0.046407
0.046078
0.047702
0.047656
0.046304
0.046522
0.049295
0.046761
0.046874
0.047031
0.049991
0.048548
0.047193
0.047341
0.048958
0.047472
0.051597
0.049286
0.047763
0.047899
0.048021
0.050595
0.04821
0.048543
0.049995
0.051047
0.049891
0.056193
0.049892
0.048654
0.049977
0.0494
0.049251
0.050925
0.050913
0.050987
0.050259
0.049881
0.05093
0.050148
0.049995
0.051819
0.050839
0.052895
0.051899
0.052088
0.053435
0.053361
0.052683
0.0513
0.055459
0.052236
0.051281
0.053844
0.051574
0.055234
0.052037
0.053483
0.053848
0.051503
0.05621
0.054025
0.053231
0.055645
0.055013
0.053745
0.054486
0.053964
0.055834
0.054826
0.054988
0.054688
0.053889
0.053986
0.057382
0.055108
0.054246
0.054615
0.053968
0.056085
0.057101
0.053618
0.05752
0.054953
0.058071
0.055759
0.054723
0.058152
0.05508
0.054067
0.057645
0.055523
0.055638
0.055561
0.055279
0.055322
0.055026
0.06044
0.056008
0.057207
0.058093
0.056153
0.057599
0.056522
0.059444
0.058379
0.060222
0.058247
0.05943
0.059614
0.057683
0.058429
0.064567
0.057096
0.058335
0.056377
0.060407
0.063051
0.060655
0.062178
0.06132
0.062001
0.059748
0.058995
0.061123
0.061934
0.062723
0.061141
0.065626
0.062163
0.059348
0.060647
0.060492
0.062174
0.061399
0.060631
0.06573
0.060885
0.063649
0.06101
0.062605
0.062405
0.062445
0.061857
0.061788
0.064092
0.062359
0.065969
0.063545
0.063441
0.062503
0.065681
0.063492
0.062536
0.064254
0.064199
0.064234
0.064684
0.068889
0.063894
0.064052
0.063793
0.063527
0.064032
0.064781
0.065744
0.063872
0.065463
0.072384
0.068069
0.066357
0.066634
0.064388
0.064362
0.066555
0.064068
0.064227
0.065264
0.066432
0.066908
0.06741
0.064926
0.064954
0.068537
0.066105
0.06871
0.066734
0.068683
0.066909
0.066377
0.065312
0.066725
0.065678
0.06701
0.066836
0.066797
0.069287
0.068766
0.067008
0.066316
0.068313
0.069
0.069548
0.066079
0.069261
0.067039
0.069947
0.066977
0.067979
0.068609
0.068989
0.067814
0.071084
0.066027
0.074335
0.066979
0.068689
0.067182
0.068861
0.069101
0.068955
0.068641
0.070945
0.068758
0.069401
0.068637
0.069339
0.069333
0.070488
0.070457
0.067923
0.070953
0.068917
0.069629
0.068981
0.070655
0.069235
0.071646
0.069612
0.071152
0.075926
0.070931
0.069342
0.070744
0.068297
0.072956
0.070352
0.070804
0.071902
0.072866
0.070852
0.0709
0.07183
0.071337
0.070789
0.080617
0.075463
0.075813
0.072305
0.072276
0.070069
0.073843
0.071802
0.072072
0.072452
0.072141
0.0746
0.070842
0.070649
0.073101
0.0709
0.072936
0.072133
0.07084
0.071245
0.082903
0.070483
0.071358
0.071585
0.071969
0.071229
0.075165
0.071006
0.071833
0.070652
0.074282
0.072315
0.072401
0.073145
0.073342
0.072364
0.077862
0.079782
0.074206
0.073638
0.07289
0.073858
0.074053
0.07264
0.075658
0.074269
0.074352
0.075883
0.078295
0.076504
0.075713
0.075479
0.075164
0.07618
0.075554
0.074799
0.073993
0.081479
0.076054
0.078964
0.075332
0.082503
0.078559
0.07756
0.077462
0.078079
0.077832
0.075668
0.077745
0.076495
0.079173
0.077823
0.076882
0.078451
0.077619
0.077026
0.07807
0.078523
0.076595
0.083042
0.077848
0.080999
0.07841
0.082419
0.080208
0.084185
0.079284
0.07977
0.080304
0.079027
0.079705
0.081184
0.082575
0.080049
0.080632
0.081681
0.084509
0.081122
0.078953
0.082694
0.08277
0.081473
0.081037
0.081599
0.082592
0.081585
0.088206
0.086052
0.089383
0.083093
0.082322
0.086575
0.083505
0.083648
0.086095
0.088845
0.083999
0.082436
0.084087
0.083401
0.097043
0.087891
0.087619
0.087256
0.086037
0.088314
0.088042
0.08557
0.087359
0.087317
0.084999
0.088558
0.087875
0.088673
0.086555
0.085901
0.086347
0.084907
0.085775
0.087517
0.087034
0.08582
0.089966
0.087342
0.087137
0.085977
0.087244
0.09536
0.088716
0.088846
0.085595
0.090716
0.086536
0.088272
0.087987
0.086415
0.089222
0.087437
0.090132
0.087424
0.088935
0.087499
0.086736
0.089203
0.089386
0.087837
0.093818
0.088546
0.089076
0.091081
0.090419
0.088561
0.094913
0.092801
0.091174
0.091417
0.089508
0.091754
0.090694
0.090447
0.095018
0.09538
0.091718
0.094296
0.09498
0.090864
0.09227
0.092856
0.093094
0.09528
0.093702
0.097193
0.09327
0.091997
0.093275
0.09395
0.092292
0.097805
0.096067
0.093846
0.094691
0.094272
0.094213
0.096974
0.094937
0.096561
0.096595
0.099453
0.094293
0.098414
0.096258
0.096315
0.102939
0.096098
0.096679
0.09607
0.095849
0.095947
0.098205
0.098275
0.09963
0.11062
0.099626
0.100851
0.099856
0.097709
0.099131
0.10064
0.098324
0.097802
0.102406
0.099907
0.10141
0.0999
0.100879
0.098957
0.096984
0.098138
0.099432
0.097839
0.101563
0.096805
0.100345
0.099594
0.099922
0.097822
0.099857
0.099462
0.106413
0.106282
0.106317
0.104629
0.102786
0.100428
0.100087
0.10006
0.099491
0.103098
0.101488
0.10116
0.102636
0.108676
0.102831
0.102731
0.107169
0.102407
0.10403
0.106492
0.104554
0.10658
0.104579
0.10488
0.10479
0.102096
0.103259
0.102528
0.101898
0.10556
0.106301
0.107126
0.10539
0.103887
0.105742
0.105263
0.111062
0.108576
0.103177
0.104752
0.108753
0.110357
0.105882
0.110565
0.106877
0.106665
0.107458
0.105866
0.104928
0.105689
0.106507
0.122547
0.109735
0.107558
0.110041
0.109126
0.10982
0.109248
0.106229
0.107564
0.10634
0.108284
0.107924
0.128709
0.11311
0.110851
0.112044
0.115466
0.116002
0.115222
0.113548
0.119309
0.116496
0.112264
0.117598
0.117315
0.119986
0.115125
0.113159
0.112611
0.11148
0.114832
0.109974
0.111824
0.110987
0.110585
0.110024
0.10982
0.126703
0.114153
0.113491
0.109763
0.111958
0.112766
0.112526
0.115299
0.113486
0.117767
0.111829
0.111032
0.112015
0.111645
0.113815
0.11406
0.113615
0.113872
0.116414
0.113304
0.1133
0.124413
0.114454
0.117027
0.115544
0.113191
0.115569
0.113813
0.115423
0.117518
0.113426
0.120997
0.118079
0.113538
0.11732
0.114484
0.118494
0.116821
0.113673
0.118247
0.118632
0.117185
0.120185
0.118015
0.11778
0.116048
0.116306
0.117311
0.122836
0.115465
0.11706
0.114787
0.117136
0.116009
0.116332
0.115607
0.127178
0.123436
0.120207
0.117307
0.120087
0.119439
0.118062
0.117371
0.116671
0.116912
0.121307
0.119727
0.116001
0.117466
0.116922
0.116546
0.117877
0.119758
0.117968
0.118271
0.115423
0.11601
0.120509
0.120491
0.118615
0.120304
0.116386
0.118957
0.118033
0.117638
0.117139
0.117407
0.121092
0.117696
0.124092
0.118763
0.119567
0.119851
0.118661
0.119914
0.127319
0.123667
0.11934
0.118066
0.119237
0.122996
0.122966
0.121207
0.120132
0.123672
0.120455
0.122968
0.127571
0.120517
0.122931
0.122365
0.123857
0.123753
0.12376
0.123588
0.126005
0.123232
0.123792
0.123617
0.128132
0.123073
0.126362
0.125209
0.124839
0.127719
0.121915
0.129291
0.126319
0.123086
0.124234
0.129575
0.141987
0.129214
0.129346
0.127085
0.12713
0.129479
0.128831
0.12604
0.12601
0.128832
0.130156
0.12486
0.128716
0.12479
0.127576
0.125868
0.126259
0.127644
0.126082
0.127687
0.12502
0.127686
0.131902
0.132063
0.134483
0.129517
0.130728
0.130184
0.133401
0.128782
0.135188
0.127789
0.136595
0.13168
0.130875
0.128823
0.127876
0.128631
0.130132
0.135112
0.131996
0.127947
0.127562
0.131504
0.129004
0.130575
0.128478
0.131782
0.130061
0.131638
0.133055
0.131184
0.130507
0.137507
0.131077
0.129447
0.131415
0.133361
0.130613
0.130123
0.131351
0.129745
0.132123
0.134903
0.13224
0.131398
0.132069
0.137202
0.137277
0.131878
0.134904
0.139138
0.137698
0.137438
0.13636
0.13573
0.132513
0.135214
0.132365
0.139622
0.133095
0.140606
0.136204
0.134208
0.13518
0.135017
0.133495
0.133873
0.136487
0.136524
0.134591
0.135336
0.134026
0.142117
0.134967
0.143478
0.138561
0.138092
0.138132
0.138858
0.136104
0.137081
0.135439
0.13568
0.134682
0.141595
0.135448
0.137057
0.140077
0.136069
0.137275
0.138081
0.135614
0.137416
0.138311
0.139969
0.134982
0.140137
0.138203
0.138196
0.137865
0.143735
0.143123
0.137673
0.135864
0.134993
0.139912
0.140077
0.136468
0.138064
0.136797
0.136709
0.140984
0.139522
0.137177
0.142374
0.140348
0.142104
0.138022
0.148552
0.142663
0.141756
0.141739
0.142607
0.139731
0.143257
0.137641
0.139542
0.139625
0.14309
0.140046
0.139697
0.137924
0.139648
0.144504
0.140759
0.143027
0.139774
0.144464
0.140889
0.140534
0.142337
0.145085
0.14014
0.144255
0.14549
0.139903
0.140112
0.142278
0.148159
0.141004
0.141726
0.142698
0.140707
0.141407
0.146473
0.141103
0.141099
0.141376
0.147096
0.145747
0.142056
0.139999
0.142087
0.152188
0.145898
0.143492
0.140946
0.147955
0.143061
0.148807
0.144229
0.143093
0.156707
0.146656
0.145417
0.142323
0.143168
0.140001
0.143023
0.146187
0.149905
0.140857
0.144026
0.151667
0.148202
0.146052
0.145657
0.144153
0.145138
0.144742
0.144128
0.142436
0.144255
0.149602
0.14599
0.145687
0.145176
0.143728
0.144437
0.14712
0.146021
0.146241
0.147024
0.149885
0.148875
0.1444
0.148967
0.149098
0.146497
0.146548
0.1471
0.147591
0.14816
0.144786
0.154382
0.146166
0.146046
0.148222
0.15146
0.150008
0.146212
0.146502
0.14796
0.148946
0.147628
0.14674
0.145816
0.149967
0.146239
0.150934
0.147078
0.15058
0.147437
0.147002
0.149283
0.150997
0.145952
0.148247
0.147752
0.157348
0.14685
0.150335
0.146712
0.152742
0.150224
0.146659
0.162817
0.154361
0.155313
0.152701
0.151659
0.149984
0.146934
0.149276
0.15054
0.150184
0.152076
0.148497
0.147939
0.149674
0.14785
0.150371
0.149744
0.152754
0.151544
0.148343
0.148699
0.158018
0.154824
0.152364
0.149931
0.151079
0.146308
0.153065
0.150092
0.152772
0.152169
0.153949
0.155832
0.152148
0.151578
0.159024
0.151883
0.152601
0.151458
0.154116
0.150136
0.156374
0.15212
0.156049
0.151075
0.151125
0.150432
0.158855
0.150696
0.150097
0.151913
0.158614
0.151768
0.155145
0.152056
0.152931
0.155444
0.158688
0.153054
0.155256
0.153682
0.170607
0.15661
0.156971
0.155586
0.154715
0.155173
0.152998
0.154974
0.154811
0.153833
0.154918
0.154519
0.155511
0.156897
0.157393
0.154866
0.157316
0.157887
0.157579
0.156085
0.158198
0.157883
0.163396
0.15985
0.157229
0.159692
0.159712
0.158264
0.164404
0.156249
0.156292
0.157016
0.158529
0.160361
0.162194
0.158179
0.157682
0.158908
0.160085
0.155971
0.159994
0.158051
0.161458
0.157771
0.159062
0.158391
0.163978
0.162424
0.161732
0.163851
0.159129
0.162301
0.164225
0.162612
0.160397
0.160546
0.161692
0.166106
0.174247
0.169768
0.167584
0.170007
0.167986
0.166307
0.163868
0.172354
0.167091
0.170038
0.165742
0.164906
0.170421
0.171849
0.166253
0.170187
0.168107
0.166647
0.174
0.165827
0.171249
0.171524
0.172024
0.16766
0.170894
0.165824
0.166825
0.169478
0.171632
0.171184
0.172414
0.174981
0.170764
0.171942
0.167905
0.173208
0.172532
0.172418
0.171143
0.165649
0.17076
0.175731
0.175528
0.170304
0.165032
0.170618
0.167527
0.167111
0.171233
0.175554
0.172074
0.166888
0.168662
0.171523
0.189402
0.17561
0.175504
0.198584
0.190243
0.177562
0.179674
0.179779
0.177038
0.173722
0.173702
0.17602
0.178393
0.173813
0.174404
0.178938
0.175194
0.1766
0.17286
0.181107
0.176548
0.182623
0.17696
0.177364
0.174945
0.174465
0.172803
0.174496
0.17621
0.174899
0.198404
0.176297
0.177232
0.177773
0.174785
0.178402
0.173266
0.180025
0.172361
0.177054
0.179595
0.17734
0.178966
0.17367
0.180406
0.185931
0.180754
0.176835
0.174377
0.184606
0.188201
0.184371
0.196331
0.183276
0.184648
0.186529
0.186053
0.185738
0.185308
0.191061
0.195998
0.185541
0.20017
0.235656
0.184705
0.184691
0.187233
0.190686
0.182022
0.189306
0.184904
0.184981
0.189386
0.19011
0.186303
0.189269
0.194971
0.186425
0.181786
0.181661
0.189022
0.185188
0.191187
0.182875
0.183976
0.184765
0.1869
0.18602
0.184925
0.184488
0.188689
0.186789
0.196066
0.193007
0.19011
0.188445
0.185477
0.188899
0.196521
0.193838
0.189143
0.190259
0.190166
0.194012
0.197609
0.189704
0.19038
0.184907
0.189591
0.188104
0.185443
0.190324
0.222805
0.220773
0.197151
0.189255
0.195572
0.194877
0.186991
0.184498
0.191245
0.198908
0.192316
0.194284
0.189682
0.195143
0.203428
0.191608
0.190198
0.189675
0.188891
0.188348
0.188015
0.183505
0.189342
0.188963
0.188455
0.185381
0.189802
0.195853
0.199607
0.205312
0.199532
0.201287
0.204487
0.198548
0.204043
0.19936
0.204166
0.197897
0.194037
0.19447
0.192467
0.194148
0.204904
0.190041
0.194657
0.193671
0.198574
0.194261
0.193681
0.19809
0.192155
0.193897
0.199479
0.19416
0.192942
0.194403
0.193996
0.19805
0.198722
0.195702
0.202779
0.19665
0.199269
0.19676
0.196297
0.193328
0.192908
0.199824
0.194864
0.193896
0.192795
0.192237
0.193691
0.191352
0.190751
0.193685
0.201145
0.204014
0.194489
0.201653
0.200918
0.200045
0.19809
0.203469
0.202652
0.201058
0.202703
0.201491
0.196283
0.19992
0.202849
0.197781
0.195272
0.193974
0.198548
0.199281
0.196085
0.193601
0.197291
0.20587
0.262412
0.207849
0.207504
0.211365
0.209612
0.219809
0.214153
0.209328
0.215201
0.206828
0.210537
0.205376
0.221333
0.228229
0.232161
0.216594
0.215693
0.212654
0.211717
0.219326
0.215914
0.210001
0.238259
0.2105
0.219508
0.214727
0.209574
0.222958
0.231367
0.216613
0.216878
0.205606
0.21104
0.207338
0.208383
0.207628
0.209599
0.219506
0.212759
0.264139
0.217936
0.210658
0.213528
0.210726
0.210884
0.204829
0.216612
0.211899
0.212505
0.202889
0.212801
0.2065
0.211527
0.213385
0.20394
0.209394
0.19986
0.203335
0.206561
0.209928
0.210631
0.206673
0.205938
0.203687
0.210254
0.206315
0.205382
0.209799
0.205031
0.206976
0.206137
0.214704
0.221139
0.218224
0.216197
0.219856
0.21282
0.212487
0.214216
0.212605
0.2159
0.222425
0.213401
0.210044
0.213278
0.21174
0.214467
0.215024
0.217347
0.208137
0.208381
0.215219
0.216484
0.212283
0.214165
0.213473
0.211928
0.21185
0.209183
0.219087
0.209364
0.217543
0.214322
0.21513
0.207215
0.217965
0.211096
0.210561
0.210372
0.233653
0.224636
0.217663
0.218288
0.22037
0.222552
0.231464
0.218657
0.219807
0.218639
0.217734
0.21859
0.218137
0.219263
0.223945
0.215999
0.217062
0.218476
0.21847
0.220439
0.221554
0.215273
0.218684
0.220707
0.219198
0.217793
0.220948
0.218665
0.220679
0.219096
0.220597
0.219879
0.215297
0.218063
0.215703
0.216608
0.214132
0.21872
0.216489
0.215234
0.217844
0.215649
0.217473
0.21762
0.21778
0.218671
0.230847
0.225703
0.220383
0.229424
0.22208
0.222456
0.21941
0.217986
0.223016
0.223041
0.225094
0.22686
0.266955
0.231484
0.230134
0.22368
0.225565
0.22693
0.22604
0.22753
0.220994
0.228557
0.2244
0.230523
0.22425
0.222956
0.222226
0.221039
0.23061
0.221334
0.22676
0.221483
0.216826
0.217456
0.221126
0.219357
0.220864
0.22094
0.229819
0.227493
0.227504
0.223421
0.222894
0.227478
0.23723
0.227873
0.231558
0.224822
0.225465
0.221659
0.224073
0.224767
0.239139
0.240851
0.224953
0.226468
0.231736
0.2297
0.224987
0.223467
0.221998
0.226237
0.220672
0.224535
0.230496
0.221541
0.223547
0.230189
0.225487
0.222497
0.224321
0.224017
0.225371
0.231543
0.228124
0.227624
0.228456
0.232063
0.234112
0.234257
0.240823
0.233083
0.226472
0.227352
0.226393
0.234985
0.23297
0.231838
0.226771
0.229003
0.226075
0.22484
0.237546
0.231544
0.231158
0.225807
0.229695
0.251094
0.234134
0.234267
0.232707
0.236411
0.234727
0.2288
0.22905
0.238262
0.228628
0.230874
0.230006
0.229156
0.228183
0.229626
0.23308
0.236568
0.231419
0.22801
0.230353
0.239715
0.235381
0.253365
0.243705
0.247695
0.248094
0.239743
0.238634
0.252541
0.239427
0.240587
0.238699
0.246907
0.245796
0.242528
0.239917
0.245028
0.235594
0.239533
0.239024
0.243789
0.241469
0.24072
0.247195
0.24751
0.2528
0.242898
0.243198
0.245197
0.245968
0.24209
0.244295
0.25147
0.257616
0.249774
0.243518
0.245086
0.246765
0.245231
0.24437
0.244269
0.247161
0.244512
0.245824
0.251622
0.249577
0.248026
0.245995
0.246195
0.241895
0.244835
0.242341
0.243915
0.240592
0.25164
0.24306
0.242516
0.242439
0.24985
0.245958
0.244615
0.245011
0.246328
0.244556
0.242286
0.246117
0.246482
0.243338
0.246165
0.247097
0.243171
0.248639
0.243058
0.242372
0.24955
0.239568
0.245179
0.251585
0.255038
0.25271
0.246091
0.247636
0.24625
0.256884
0.249279
0.25244
0.254836
0.251973
0.254191
0.252711
0.249435
0.258929
0.25376
0.252596
0.257677
0.261386
0.255273
0.249929
0.250426
0.260347
0.254657
0.251613
0.255394
0.256428
0.255299
0.254179
0.255022
0.250335
0.248911
0.252798
0.253362
0.256061
0.252383
0.250825
0.254999
0.256034
0.251461
0.254538
0.257023
0.254949
0.259764
0.255029
0.247359
0.249769
0.247688
0.245696
0.252603
0.260171
0.261168
0.257517
0.265261
0.261909
0.257389
0.25802
0.255048
0.262502
0.255273
0.254536
0.262347
0.255004
0.256519
0.250638
0.248105
0.250271
0.246936
0.245088
0.254928
0.261349
0.253359
0.257863
0.261202
0.258015
0.256221
0.253668
0.256692
0.26129
0.262
0.253992
0.259747
0.254924
0.252839
0.251586
0.255874
0.249785
0.252476
0.249878
0.25642
0.260835
0.254939
0.256728
0.266093
0.255737
0.252856
0.257941
0.258498
0.254952
0.252996
0.254413
0.253908
0.252134
0.254433
0.260845
0.256896
0.254356
0.263527
0.261156
0.260307
0.262931
0.265198
0.256775
0.260107
0.257943
0.266208
0.262776
0.268029
0.257371
0.255248
0.249461
0.25129
0.264771
0.25179
0.253511
0.251398
0.252741
0.256311
0.249388
0.270277
0.262852
0.262778
0.260874
0.259235
0.270888
0.259976
0.267924
0.263577
0.263181
0.255495
0.254906
0.254063
0.253301
0.253406
0.259853
0.256062
0.254804
0.255858
0.256978
0.261862
0.263256
0.265926
0.264559
0.262741
0.260427
0.257515
0.259632
0.258465
0.263644
0.25943
0.256851
0.260225
0.272532
0.369462
0.285873
0.277788
0.270357
0.273008
0.274463
0.269005
0.272622
0.266825
0.266579
0.270111
0.264122
0.266651
0.263677
0.268826
0.265345
0.261764
0.264434
0.259655
0.260414
0.264965
0.271613
0.265501
0.279348
0.272064
0.266806
0.261668
0.262079
0.261823
0.260732
0.267543
0.264661
0.25978
0.260792
0.26292
0.276066
0.266343
0.279431
0.26984
0.281173
0.27255
0.274445
0.274714
0.269681
0.272738
0.276171
0.268456
0.267794
0.277693
0.277979
0.276674
0.279774
0.27534
0.274802
0.275574
0.26909
0.268237
0.273092
0.292935
0.275268
0.270863
0.270216
0.272127
0.269711
0.276636
0.271038
0.27043
0.278125
0.274628
0.272569
0.27861
0.288258
0.277924
0.273908
0.274681
0.280273
0.279357
0.27746
0.278835
0.27566
0.271883
0.276557
0.269933
0.276487
0.271203
0.278283
0.277314
0.265963
0.273164
0.266747
0.268159
0.273769
0.279857
0.275787
0.272755
0.280073
0.301765
0.288814
0.300924
0.28259
0.281139
0.282257
0.27947
0.277882
0.281897
0.286009
0.289148
0.281856
0.285403
0.284767
0.283741
0.283101
0.280009
0.27824
0.281528
0.304841
0.282228
0.28122
0.27731
0.283761
0.275724
0.271592
0.274834
0.27541
0.282709
0.283578
0.279755
0.271953
0.276574
0.270755
0.277275
0.276987
0.273467
0.276086
0.302272
0.281015
0.285383
0.276356
0.289165
0.280891
0.275674
0.282334
0.290784
0.276588
0.278171
0.279468
0.277174
0.272839
0.299979
0.280651
0.280234
0.281194
0.286621
0.273982
0.274788
0.276322
0.28273
0.282602
0.294528
0.284901
0.279522
0.276862
0.275846
0.280593
0.274468
0.287553
0.280719
0.280486
0.278131
0.276822
0.281031
0.277676
0.291538
0.279622
0.282731
0.279462
0.282163
0.29999
0.282357
0.283406
0.28332
0.280053
0.277507
0.283498
0.276167
0.286324
0.289315
0.278932
0.280781
0.27712
0.278342
0.306051
0.282186
0.280638
0.289673
0.288427
0.283711
0.284351
0.285838
0.292815
0.437928
0.282683
0.282092
0.291898
0.288572
0.291012
0.285963
0.286742
0.289188
0.284545
0.278558
0.285328
0.279703
0.282632
0.286206
0.282747
0.282286
0.28546
0.283229
0.284365
0.285124
0.287761
0.283845
0.301998
0.294127
0.290358
0.285624
0.319833
0.287823
0.29235
0.286453
0.295738
0.288801
0.287157
0.288373
0.282045
0.281067
0.296169
0.283543
0.290825
0.28729
0.284906
0.28761
0.28587
0.295017
0.288117
0.302627
0.2894
0.300698
0.292264
0.294198
0.288208
0.291862
0.299549
0.291648
0.304089
0.292786
0.300072
0.292247
0.319207
0.290837
0.295492
0.299197
0.294757
0.293274
0.288661
0.285089
0.287772
0.287329
0.288756
0.295886
0.302011
0.291606
0.291104
0.286259
0.294347
0.290593
0.284121
0.28538
0.292541
0.287731
0.287116
0.300081
0.294183
0.287701
0.292028
0.3123
0.295551
0.295783
0.296431
0.28915
0.289318
0.293351
0.290623
0.293084
0.29565
0.290693
0.29304
0.291977
0.292476
0.295661
0.296605
0.302044
0.298088
0.295194
0.312982
0.293369
0.302196
0.302886
0.294335
0.30033
0.299861
0.296352
0.300987
0.300752
0.312679
0.300141
0.300812
0.309263
0.305779
0.303359
0.295782
0.297133
0.303129
0.299786
0.304315
0.304785
0.302497
0.305104
0.30244
0.300044
0.296504
0.297278
0.303022
0.299039
0.29923
0.297369
0.317447
0.301145
0.304988
0.310327
0.298803
0.295701
0.29271
0.298762
0.297921
0.29794
0.301031
0.297668
0.325508
0.296293
0.299754
0.297432
0.294676
0.297865
0.293631
0.29669
0.297677
0.299992
0.292612
0.297168
0.30132
0.301549
0.299947
0.300051
0.299294
0.297986
0.296315
0.300675
0.296166
0.299859
0.299078
0.298266
0.294896
0.3066
0.296125
0.295744
0.300252
0.293633
0.298892
0.306328
0.302766
0.305918
0.299446
0.300982
0.298288
0.301761
0.30251
0.296202
0.297883
0.295933
0.293974
0.296255
0.295959
0.296913
0.299485
0.306975
0.301733
0.300045
0.301388
0.297976
0.300837
0.301678
0.30547
0.297833
0.296553
0.301333
0.296149
0.294953
0.306367
0.295701
0.315793
0.306571
0.302189
0.312221
0.298657
0.300466
0.294863
0.303164
0.303382
0.297088
0.307749
0.295732
0.304137
0.300606
0.297787
0.300737
0.30879
0.302697
0.30272
0.302143
0.296306
0.299951
0.300871
0.295401
0.298763
0.301959
0.300511
0.303722
0.303736
0.299953
0.298663
0.317577
0.30521
0.298885
0.301289
0.302668
0.298229
0.304821
0.302389
0.296619
0.298305
0.30543
0.298523
0.299469
0.301269
0.297699
0.301702
0.302511
0.300098
0.305558
0.298962
0.302184
0.304074
0.299386
0.317028
0.298293
0.302083
0.297745
0.308008
0.305386
0.305317
0.301476
0.312161
0.309029
0.306163
0.307072
0.307507
0.302417
0.302447
0.305284
0.301671
0.307165
0.306582
0.305346
0.308065
0.299776
0.302004
0.299124
0.311483
0.304386
0.309583
0.308427
0.305534
0.301535
0.313835
0.303271
0.301471
0.303793
0.307977
0.305951
0.32041
0.307765
0.312021
0.318569
0.30903
0.308896
0.305083
0.308768
0.312153
0.303048
0.306824
0.305588
0.302173
0.306092
0.305565
0.308129
0.30631
0.305476
0.308126
0.30635
0.313251
0.304788
0.306813
0.302812
0.310768
0.316694
0.304233
0.308784
0.312721
0.310902
0.318157
0.317997
0.315033
0.340079
0.320466
0.310473
0.304782
0.310956
0.310609
0.308413
0.309776
0.314968
0.306099
0.309395
0.309139
0.307577
0.312502
0.3121
0.306683
0.322441
0.310408
0.30225
0.304152
0.305637
0.305431
0.313952
0.308954
0.308833
0.308673
0.310303
0.306771
0.318674
0.305609
0.333477
0.319261
0.321871
0.314043
0.310726
0.318139
0.310914
0.314455
0.309012
0.309452
0.31762
0.32521
0.321691
0.322124
0.323327
0.318951
0.321201
0.307741
0.321492
0.313869
0.317008
0.315111
0.313865
0.310515
0.308357
0.312552
0.310499
0.332878
0.319247
0.326231
0.320503
0.315702
0.315941
0.307655
0.316623
0.311577
0.315826
0.313192
0.308943
0.316326
0.312774
0.312849
0.312693
0.315914
0.311285
0.31409
0.321227
0.315266
0.309327
0.313742
0.313367
0.309852
0.323852
0.30926
0.317489
0.313689
0.313412
0.315325
0.317023
0.339215
0.316944
0.317693
0.312001
0.314874
0.324545
0.315655
0.314196
0.312787
0.315747
0.315863
0.313942
0.313649
0.312166
0.310866
0.312536
0.321448
0.314421
0.320193
0.320128
0.312065
0.320428
0.314014
0.320443
0.311286
0.316358
0.324708
0.314403
0.32092
0.324891
0.328152
0.327241
0.313789
0.317593
0.321033
0.318329
0.314515
0.318917
0.315124
0.314307
0.319668
0.318787
0.321455
0.325867
0.324144
0.32499
0.341546
0.318253
0.316787
0.319882
0.319699
0.315627
0.318988
0.315107
0.323545
0.319833
0.317426
0.322545
0.341281
0.336433
0.343416
0.324264
0.329676
0.320998
0.316796
0.317312
0.338978
0.327532
0.319779
0.323437
0.315726
0.320047
0.32146
0.344369
0.323708
0.326099
0.317403
0.333754
0.328649
0.331997
0.32407
0.324458
0.330407
0.320328
0.333134
0.332532
0.32609
0.343605
0.326092
0.320814
0.335615
0.331923
0.325978
0.318646
0.320294
0.320479
0.320587
0.321067
0.331208
0.326451
0.324198
0.322419
0.32296
0.323612
0.324801
0.331854
0.324337
0.323055
0.324864
0.328137
0.325235
0.325953
0.331089
0.321279
0.326866
0.342337
0.32865
0.324848
0.331873
0.324917
0.334566
0.326886
0.327043
0.329657
0.329095
0.326057
0.32845
0.325399
0.328626
0.328271
0.342967
0.335393
0.332601
0.329473
0.330243
0.326447
0.341032
0.33009
0.338096
0.337949
0.327268
0.332378
0.332203
0.333141
0.34397
0.334819
0.349253
0.345106
0.33961
0.334637
0.338648
0.353734
0.332831
0.334108
0.341754
0.331887
0.331393
0.332472
0.339562
0.34823
0.347791
0.340975
0.331763
0.359164
0.334546
0.334429
0.339519
0.336287
0.340069
0.333475
0.333754
0.335593
0.33148
0.35188
0.334279
0.334786
0.339013
0.340499
0.335784
0.332952
0.333931
0.333511
0.340377
0.330585
0.335335
0.333041
0.344225
0.343374
0.352824
0.348753
0.346442
0.336862
0.341162
0.341705
0.336622
0.340976
0.339921
0.338653
0.343863
0.340201
0.341138
0.342691
0.343119
0.341596
0.340513
0.343449
0.339311
0.342093
0.341738
0.3442
0.342908
0.33826
0.345028
0.344655
0.346444
0.341281
0.355697
0.349196
0.342422
0.341059
0.348405
0.344508
0.345286
0.342963
0.343493
0.341614
0.357687
0.350391
0.342879
0.352215
0.344887
0.352443
0.343336
0.351687
0.348538
0.346908
0.361902
0.355335
0.345201
0.350093
0.346634
0.339264
0.361932
0.352792
0.357831
0.344561
0.356964
0.347797
0.34459
0.355401
0.344443
0.344012
0.354662
0.342927
0.347743
0.347165
0.349962
0.349129
0.351934
0.345558
0.350608
0.352349
0.345479
0.359652
0.351191
0.348964
0.349504
0.35559
0.349
0.367947
0.360935
0.356272
0.351412
0.364928
0.353028
0.349336
0.350686
0.348761
0.353222
0.35603
0.349906
0.350853
0.354949
0.351629
0.351376
0.352467
0.354556
0.356304
0.357612
0.35853
0.354839
0.352802
0.35321
0.358506
0.3538
0.367027
0.362796
0.3643
0.353722
0.350371
0.35569
0.363389
0.350846
0.357056
0.352881
0.353105
0.359356
0.353339
0.35015
0.357963
0.358521
0.362775
0.353984
0.359392
0.352446
0.357297
0.353862
0.358514
0.353509
0.354017
0.35066
0.371744
0.369697
0.364212
0.354048
0.358552
0.35706
0.365904
0.364231
0.353959
0.364287
0.359917
0.368508
0.355283
0.357992
0.353714
0.360349
0.359966
0.356585
0.360375
0.36033
0.353618
0.358859
0.371649
0.370671
0.365287
0.372593
0.384467
0.380975
0.372518
0.37018
0.380382
0.380455
0.377338
0.373529
0.385861
0.382385
0.378614
0.381993
0.389212
0.375292
0.374772
0.381201
0.384961
0.377805
0.377772
0.381227
0.368975
0.371948
0.3843
0.376421
0.371619
0.404587
0.371564
0.371694
0.376288
0.374111
0.382485
0.367046
0.374365
0.370323
0.373793
0.367753
0.372133
0.371648
0.367883
0.366803
0.379749
0.374743
0.371932
0.373792
0.367757
0.433204
0.404606
0.410103
0.379277
0.387089
0.385101
0.385066
0.379469
0.370087
0.38225
0.385366
0.382692
0.374527
0.376794
0.387905
0.37622
0.370697
0.37107
0.367247
0.368634
0.376537
0.36723
0.369354
0.37497
0.366365
0.37415
0.375119
0.379016
0.379014
0.393184
0.383668
0.378238
0.38786
0.374434
0.366948
0.380314
0.370771
0.371924
0.368743
0.388086
0.377784
0.382507
0.378604
0.369916
0.372271
0.374774
0.386705
0.373895
0.374368
0.374307
0.379233
0.372944
0.402391
0.381225
0.388876
0.387125
0.377246
0.401942
0.378813
0.375949
0.37762
0.379225
0.374309
0.375649
0.377753
0.37739
0.372888
0.382338
0.382545
0.380469
0.385721
0.375402
0.374908
0.37173
0.381096
0.379252
0.382325
0.379165
0.39963
0.403842
0.385026
0.383311
0.37948
0.378848
0.383203
0.382953
0.389834
0.380916
0.383073
0.381686
0.389022
0.382193
0.381128
0.376625
0.385001
0.393135
0.393547
0.380281
0.381996
0.380114
0.382375
0.380117
0.401687
0.394493
0.396775
0.392916
0.38504
0.39075
0.392073
0.396192
0.389661
0.387513
0.395099
0.386975
0.392667
0.392503
0.389917
0.392353
0.381401
0.389698
0.389252
0.38381
0.392622
0.387279
0.385056
0.384003
0.401166
0.39471
0.394207
0.392766
0.391045
0.385114
0.38418
0.404489
0.382637
0.389632
0.378556
0.390421
0.396514
0.386656
0.386526
0.38905
0.380534
0.396886
0.401424
0.389776
0.389275
0.385059
0.38735
0.427995
0.411234
0.396218
0.396738
0.389826
0.396064
0.388729
0.424038
0.400665
0.391492
0.390912
0.386789
0.392881
0.394016
0.38722
0.391908
0.388299
0.387916
0.399193
0.387295
0.398759
0.405235
0.397053
0.386231
0.387114
0.405354
0.395386
0.392591
0.392658
0.397182
0.387627
0.392853
0.39679
0.394042
0.392812
0.413809
0.396075
0.401349
0.395884
0.391447
0.392697
0.398793
0.393327
0.393704
0.416043
0.395623
0.405799
0.395846
0.40859
0.394559
0.406568
0.400178
0.399321
0.403753
0.402366
0.402595
0.404834
0.401842
0.399359
0.402938
0.404877
0.39903
0.404256
0.404904
0.401614
0.404009
0.403761
0.416608
0.398339
0.405868
0.407826
0.415319
0.414083
0.416922
0.406195
0.416129
0.410024
0.42005
0.402222
0.408495
0.398677
0.411129
0.398486
0.405242
0.410302
0.401017
0.408242
0.403671
0.40826
0.410882
0.409501
0.419962
0.416378
0.409083
0.414431
0.414166
0.406658
0.503846
0.418351
0.414082
0.417472
0.409021
0.416661
0.412098
0.41329
0.415284
0.419126
0.409411
0.412321
0.410068
0.404539
0.411041
0.403971
0.40494
0.405665
0.419093
0.412499
0.414724
0.415702
0.400097
0.409559
0.396152
0.405081
0.408809
0.418311
0.403474
0.409288
0.404818
0.407878
0.404113
0.40877
0.407777
0.414594
0.408836
0.413935
0.413128
0.41139
0.40977
0.419252
0.432479
0.427737
0.40526
0.433947
0.417614
0.420539
0.40882
0.414072
0.414171
0.414706
0.434031
0.417482
0.41743
0.41296
0.416029
0.412545
0.420575
0.419776
0.418262
0.413804
0.408209
0.422974
0.420808
0.424894
0.413311
0.413885
0.424738
0.408551
0.422296
0.416752
0.412943
0.417213
0.412754
0.411333
0.416056
0.424288
0.423969
0.423823
0.431974
0.423511
0.424435
0.452515
0.419934
0.415697
0.42489
0.43542
0.42395
0.415375
0.415164
0.423254
0.420378
0.417905
0.421549
0.421272
0.417392
0.414582
0.41624
0.421119
0.419379
0.427901
0.42697
0.421802
0.430859
0.426158
0.422291
0.421161
0.415008
0.446289
0.423167
0.422907
0.428416
0.432071
0.42166
0.431407
0.430349
0.421437
0.430973
0.426648
0.418074
0.423109
0.431
0.429181
0.417723
0.425075
0.430815
0.423036
0.43362
0.421
0.423634
0.453178
0.437733
0.433157
0.430861
0.43564
0.42918
0.430891
0.423736
0.427288
0.474353
0.439767
0.435637
0.431296
0.430311
0.433496
0.42459
0.42455
0.42349
0.424087
0.419431
0.425497
0.44535
0.438578
0.443132
0.425013
0.420898
0.424814
0.424671
0.4298
0.432185
0.451343
0.428048
0.427681
0.423999
0.420269
0.428703
0.424352
0.423091
0.430263
0.433336
0.431222
0.428501
0.433625
0.438153
0.440788
0.44112
0.424435
0.42726
0.42553
0.434446
0.423183
0.427011
0.444669
0.42904
0.435266
0.423548
0.424902
0.440163
0.452608
0.4546
0.44302
0.446558
0.439676
0.436814
0.448288
0.442505
0.439901
0.438852
0.43765
0.440251
0.428089
0.432948
0.432129
0.427979
0.429242
0.424641
0.421781
0.436566
0.4476
0.433882
0.436194
0.437171
0.430682
0.445393
0.438053
0.446279
0.452488
0.455981
0.443858
0.439918
0.438056
0.44346
0.439726
0.437229
0.432012
0.43948
0.432259
0.443324
0.446043
0.435433
0.4454
0.452579
0.432546
0.438753
0.437751
0.432859
0.434585
0.443542
0.448471
0.431747
0.433843
0.436081
0.436645
0.44938
0.458027
0.526307
0.484599
0.459153
0.466992
0.45596
0.451653
0.452178
0.435576
0.432692
0.437998
0.440117
0.435198
0.448254
0.467748
0.457797
0.462623
0.468916
0.464259
0.465863
0.466269
0.442545
0.436778
0.441871
0.433944
0.441218
0.521383
0.44678
0.440178
0.433568
0.429835
0.436445
0.444226
0.444897
0.454573
0.452678
0.453662
0.44961
0.447189
0.4526
0.455132
0.454545
0.451788
0.451072
0.44607
0.450922
0.492714
0.468295
0.45855
0.444775
0.452576
0.446421
0.44534
0.445123
0.445919
0.461234
0.458601
0.458202
0.454171
0.456002
0.451863
0.445024
0.448393
0.453789
0.4584
0.45873
0.451861
0.456266
0.45698
0.457624
0.457328
0.448447
0.470403
0.462187
0.467999
0.47504
0.473005
0.462404
0.458954
0.460311
0.45671
0.454977
0.455322
0.456429
0.450785
0.447611
0.451825
0.475108
0.468478
0.455327
0.454006
0.449157
0.446247
0.447685
0.452173
0.464412
0.460597
0.458017
0.451678
0.457799
0.455946
0.453911
0.463833
0.458149
0.459315
0.450453
0.453182
0.445841
0.443919
0.438346
0.461276
0.459423
0.45312
0.442955
0.444373
0.447838
0.463495
0.45006
0.44433
0.452652
0.452291
0.450474
0.450174
0.444813
0.451638
0.450412
0.450646
0.462908
0.459236
0.454509
0.452906
0.451756
0.454622
0.460028
0.456622
0.46123
0.457796
0.469973
0.448708
0.445207
0.449474
0.468337
0.454223
0.458015
0.449673
0.45228
0.451278
0.454426
0.473282
0.463022
0.468239
0.461359
0.459057
0.458302
0.45278
0.447195
0.457158
0.464275
0.454028
0.450336
0.448863
0.450855
0.458044
0.450499
0.451319
0.44982
0.457258
0.453652
0.451335
0.459793
0.453744
0.462772
0.463638
0.462032
0.47323
0.484555
0.470859
0.478343
0.469779
0.484067
0.483005
0.474084
0.469504
0.485563
0.490575
0.470586
0.472593
0.46377
0.465688
0.464909
0.461665
0.456766
0.45528
0.459386
0.460147
0.45602
0.463858
0.47267
0.484207
0.473117
0.468248
0.480013
0.465337
0.479556
0.474574
0.462292
0.465173
0.465874
0.45638
0.477522
0.472579
0.465343
0.465232
0.459802
0.456949
0.461142
0.461884
0.48276
0.477501
0.471687
0.460096
0.46625
0.466243
0.460167
0.456469
0.459124
0.459284
0.460906
0.464677
0.469824
0.45938
0.466477
0.468879
0.470852
0.468137
0.466532
0.464798
0.479122
0.47293
0.46608
0.467641
0.468274
0.4761
0.477631
0.478594
0.470257
0.471122
0.468062
0.464941
0.466748
0.468173
0.531179
0.473259
0.482593
0.468539
0.477367
0.474794
0.498275
0.476322
0.470093
0.465436
0.472654
0.467605
0.4659
0.466783
0.467372
0.469508
0.471291
0.47021
0.47285
0.494449
0.473166
0.47068
0.470022
0.473276
0.481519
0.483535
0.488647
0.483421
0.47598
0.4681
0.487168
0.474936
0.491764
0.47275
0.480007
0.479788
0.476804
0.476194
0.47967
0.470016
0.4721
0.475012
0.481326
0.483593
0.482963
0.493741
0.489828
0.478838
0.475338
0.504886
0.493547
0.479097
0.485745
0.483485
0.486676
0.486307
0.48005
0.482243
0.480946
0.480011
0.488105
0.492139
0.487593
0.487993
0.510138
0.500417
0.48785
0.488318
0.485001
0.5194
0.528392
0.503278
0.504667
0.515895
0.511397
0.505308
0.511214
0.508537
0.506471
0.506456
0.519596
0.503968
0.571029
0.51155
0.513371
0.513847
0.508523
0.509451
0.505674
0.504319
0.503142
0.507524
0.506618
0.496386
0.490875
0.499054
0.505157
0.506743
0.503843
0.506363
0.499349
0.528922
0.510037
0.507052
0.510653
0.511469
0.522376
0.516444
0.507171
0.510013
0.519466
0.510664
0.507596
0.512968
0.522675
0.529846
0.535176
0.545541
0.550173
0.548735
0.554377
0.551035
0.553214
0.548285
0.543644
0.521883
0.518803
0.525987
0.53104
0.533731
0.528084
0.529827
0.526389
0.528796
0.53174
0.534223
0.533723
0.542268
0.535322
0.532334
0.532705
0.535645
0.534835
0.530072
0.527714
0.535554
0.527676
0.576823
0.562469
0.542387
0.545404
0.526283
0.543691
0.542398
0.564617
0.545703
0.534724
0.526556
0.53083
0.53276
0.528759
0.528122
0.530342
0.533114
0.537092
0.525149
0.515932
0.535013
0.525631
0.523456
0.535222
0.539089
0.561311
0.549592
0.563228
0.554818
0.548796
0.531433
0.519155
0.522894
0.53946
0.553824
0.536721
0.524041
0.524371
0.533631
0.530173
0.527822
0.532937
0.539496
0.525544
0.518161
0.529163
0.539742
0.532902
0.531875
0.514612
0.508393
0.508344
0.514378
0.513316
0.50747
0.515454
0.509929
0.509957
0.507137
0.510426
0.517142
0.517061
0.514585
0.506887
0.51386
0.508489
0.505168
0.513675
0.510211
0.495044
0.500541
0.505084
0.498784
0.502355
0.503308
0.501402
0.503051
0.497379
0.494716
0.524119
0.503296
0.493162
0.496129
0.508634
0.496514
0.505329
0.49901
0.493266
0.499227
0.504541
0.498929
0.494808
0.504924
0.500684
0.502679
0.502498
0.495174
0.516574
0.513636
0.519744
0.504311
0.499165
0.503585
0.50129
0.5021
0.495669
0.500357
0.501308
0.505209
0.498003
0.516151
0.588999
0.514533
0.505718
0.502056
0.509313
0.518035
0.50353
0.498291
0.507151
0.51502
0.503386
0.510496
0.511383
0.509357
0.504861
0.508932
0.514217
0.50721
0.504064
0.510587
0.50144
0.509141
0.503318
0.53102
0.509967
0.510987
0.50627
0.520497
0.514203
0.506102
0.50894
0.508588
0.518068
0.504147
0.512594
0.51034
0.509042
0.508697
0.51645
0.514414
0.522747
0.502712
0.506502
0.508212
0.505157
0.514647
0.506978
0.508856
0.503746
0.509265
0.509202
0.511971
0.515445
0.508656
0.530483
0.516407
0.512743
0.51206
0.516203
0.508306
0.510317
0.511796
0.579517
0.527849
0.518704
0.504405
0.51803
0.520443
0.518577
0.509167
0.513079
0.518924
0.511759
0.523538
0.52367
0.519972
0.512643
0.501928
0.536478
0.508264
0.507927
0.544246
0.505478
0.504622
0.510913
0.503871
0.505591
0.509477
0.502787
0.503984
0.508635
0.519152
0.509456
0.505608
0.503617
0.500478
0.51342
0.499385
0.509704
0.51073
0.508569
0.500107
0.505828
0.506293
0.507676
0.499549
0.509779
0.504677
0.521416
0.518765
0.514465
0.511802
0.508668
0.510068
0.509973
0.509835
0.505408
0.503233
0.512753
0.504569
0.510709
0.510552
0.516955
0.500664
0.505407
0.510712
0.513177
0.514656
0.518855
0.507384
0.512249
0.513447
0.506624
0.52472
0.511871
0.514714
0.520765
0.519262
0.509982
0.504006
0.51107
0.516268
0.511215
0.508453
0.507378
0.509026
0.543026
0.512663
0.521749
0.503643
0.513402
0.514774
0.511865
0.504447
0.518252
0.520556
0.514531
0.514731
0.505166
0.511523
0.510059
0.508093
0.510731
0.513381
0.531344
0.514339
0.512932
0.513234
0.516461
0.512741
0.516093
0.508464
0.510955
0.514252
0.514946
0.509952
0.519854
0.520332
0.513007
0.51056
0.516201
0.520845
0.531897
0.520064
0.518896
0.511821
0.510493
0.510578
0.521375
0.508051
0.508948
0.517613
0.514578
0.512419
0.525716
0.513554
0.520714
0.515345
0.509361
0.512295
0.52389
0.52311
0.509105
0.520247
0.505899
0.512234
0.512837
0.517834
0.523402
0.514924
0.508834
0.513183
0.511097
0.52255
0.521647
0.510421
0.517781
0.507024
0.53403
0.513228
0.509598
0.51384
0.513606
0.509951
0.507833
0.514141
0.516348
0.507061
0.513658
0.514396
0.516668
0.516041
0.516042
0.510777
0.512112
0.51525
0.527794
0.531133
0.513124
0.532608
0.534207
0.520776
0.518064
0.520638
0.51922
0.51599
0.519242
0.525818
0.517626
0.529427
0.523405
0.519778
0.510958
0.520735
0.531704
0.522099
0.517033
0.518587
0.523439
0.525946
0.516826
0.525154
0.516849
0.521094
0.522944
0.531409
0.522771
0.52595
0.525143
0.522277
0.516656
0.515853
0.543427
0.527403
0.521932
0.519076
0.526555
0.522118
0.524701
0.524483
0.521316
0.52812
0.523043
0.534496
0.536402
0.524879
0.536272
0.522667
0.529326
0.52146
0.535341
0.524043
0.523481
0.522708
0.525867
0.521863
0.530521
0.531737
0.527269
0.529008
0.528224
0.530548
0.523986
0.526128
0.519051
0.525183
0.531804
0.529495
0.555829
0.525146
0.535898
0.530189
0.534261
0.525152
0.541726
0.524305
0.550816
0.543043
0.532193
0.532081
0.532334
0.531131
0.536832
0.529651
0.527072
0.545732
0.548573
0.534496
0.529695
0.541971
0.535064
0.539754
0.53371
0.536455
0.539499
0.535834
0.537929
0.530116
0.531712
0.536756
0.532769
0.528279
0.53675
0.55489
0.533204
0.53344
0.534701
0.532229
0.533582
0.534445
0.537219
0.539453
0.53969
0.534335
0.546248
0.535738
0.531357
0.537343
0.533345
0.539048
0.563299
0.550991
0.54504
0.541576
0.538234
0.539392
0.536231
0.538868
0.541695
0.538095
0.55093
0.542578
0.538785
0.535226
0.533545
0.540281
0.53445
0.549583
0.546475
0.537994
0.539774
0.547082
0.544895
0.542991
0.539282
0.542571
0.542088
0.54698
0.538766
0.54465
0.543467
0.544838
0.563175
0.545159
0.558984
0.553406
0.546133
0.544163
0.558698
0.542592
0.534199
0.543899
0.54389
0.542172
0.549785
0.543144
0.547026
0.542955
0.543548
0.54245
0.547603
0.552167
0.556484
0.549971
0.542255
0.54358
0.548662
0.545572
0.543704
0.543295
0.550567
0.545521
0.544955
0.551131
0.540331
0.550329
0.545266
0.551239
0.551049
0.55785
0.549674
0.544524
0.550535
0.547522
0.553126
0.547521
0.550543
0.550533
0.548743
0.544451
0.544393
0.54582
0.544878
0.551425
0.544703
0.562024
0.559285
0.554128
0.543745
0.548263
0.548405
0.549213
0.551137
0.54689
0.561034
0.548989
0.546525
0.557116
0.548182
0.546694
0.548456
0.545951
0.554749
0.571363
0.547534
0.548771
0.551089
0.548696
0.555926
0.554594
0.544294
0.561758
0.545872
0.553107
0.558821
0.550475
0.545084
0.54952
0.557561
0.574458
0.561349
0.546918
0.553069
0.555536
0.549135
0.559043
0.546265
0.552381
0.55474
0.547716
0.574204
0.550432
0.556469
0.563273
0.549736
0.557834
0.571599
0.558148
0.555882
0.588421
0.555322
0.556416
0.554733
0.551812
0.561639
0.556107
0.547095
0.557687
0.564097
0.554569
0.547965
0.55083
0.559583
0.579076
0.559109
0.556723
0.558463
0.555351
0.555967
0.556833
0.561747
0.554668
0.561469
0.553855
0.562441
0.55318
0.55255
0.554251
0.557241
0.560809
0.571845
0.574915
0.567024
0.556566
0.55463
0.561559
0.564997
0.562434
0.555406
0.55932
0.553984
0.560516
0.563566
0.556208
0.563849
0.559328
0.567894
0.570523
0.558832
0.568577
0.559076
0.563865
0.560241
0.573491
0.560055
0.565319
0.55992
0.560074
0.558667
0.566735
0.559286
0.563569
0.560204
0.575973
0.565981
0.556761
0.569062
0.559776
0.566126
0.567837
0.556136
0.562152
0.564
0.57268
0.576557
0.568077
0.563439
0.559553
0.559601
0.572069
0.578969
0.561005
0.565439
0.563822
0.562842
0.566746
0.573063
0.560776
0.567408
0.567502
0.563376
0.565873
0.56003
0.559722
0.560527
0.561213
0.594295
0.580631
0.566756
0.571073
0.569454
0.56549
0.560984
0.567791
0.563314
0.564375
0.565722
0.566718
0.565212
0.57568
0.562115
0.569378
0.568687
0.579805
0.565477
0.572197
0.571591
0.56638
0.573645
0.569103
0.562653
0.56415
0.5714
0.573309
0.567679
0.56397
0.577989
0.565837
0.562879
0.596481
0.575599
0.571802
0.575213
0.565213
0.578707
0.572117
0.568503
0.565426
0.5787
0.571227
0.565065
0.572239
0.566948
0.572858
0.56401
0.585563
0.588153
0.573297
0.583287
0.572587
0.575793
0.568873
0.58169
0.569446
0.569917
0.576764
0.570786
0.585258
0.572757
0.584017
0.573252
0.58589
0.582056
0.575629
0.577086
0.580466
0.569099
0.574172
0.572503
0.584483
0.571072
0.569667
0.57796
0.568665
0.56929
0.573324
0.570423
0.579043
0.607466
0.58391
0.576067
0.573153
0.573547
0.577414
0.567072
0.572978
0.576059
0.57856
0.581042
0.580373
0.571623
0.582132
0.581246
0.573556
0.595941
0.583986
0.570944
0.581368
0.590117
0.578538
0.575655
0.584366
0.571698
0.573151
0.574795
0.582927
0.573452
0.573667
0.587039
0.576782
0.599412
0.58458
0.570302
0.580492
0.598024
0.578596
0.573251
0.582204
0.583264
0.587222
0.587186
0.58792
0.580708
0.579492
0.582031
0.575007
0.606874
0.582463
0.583029
0.57695
0.586484
0.56997
0.571209
0.582123
0.577047
0.572269
0.5792
0.584455
0.582658
0.571143
0.588556
0.5776
0.60031
0.594618
0.601058
0.580851
0.581784
0.583043
0.581339
0.577229
0.627555
0.582648
0.582648
0.577685
0.584301
0.580713
0.591262
0.574897
0.598372
0.595137
0.579341
0.584265
0.582652
0.582268
0.57519
0.584571
0.591284
0.581686
0.584717
0.597087
0.574457
0.582861
0.592147
0.584662
0.595373
0.594532
0.587329
0.590393
0.579906
0.591338
0.58557
0.583832
0.587382
0.581774
0.591147
0.592825
0.585049
0.581933
0.590194
0.593427
0.606304
0.58678
0.592163
0.591356
0.59475
0.589659
0.589901
0.58517
0.588496
0.591821
0.588701
0.594153
0.584516
0.591711
0.586223
0.598383
0.605658
0.595023
0.603918
0.596713
0.588975
0.589592
0.578235
0.580394
0.596873
0.593884
0.583638
0.603215
0.597123
0.596497
0.600692
0.596233
0.616422
0.599355
0.597331
0.597422
0.587873
0.597989
0.592757
0.600123
0.592763
0.585783
0.591887
0.599999
0.589751
0.589139
0.587631
0.608987
0.59986
0.591747
0.597623
0.591697
0.598404
0.591319
0.602805
0.595853
0.597828
0.591304
0.588779
0.591804
0.598197
0.59273
0.689949
0.610087
0.602271
0.603404
0.59562
0.594462
0.595348
0.593695
0.591623
0.594106
0.601424
0.598183
0.595663
0.591143
0.589156
0.588481
0.600212
0.614324
0.597599
0.594893
0.594292
0.591126
0.601738
0.596054
0.60046
0.600253
0.592959
0.594099
0.596049
0.598216
0.596227
0.600402
0.608819
0.598203
0.592646
0.599309
0.593178
0.600376
0.601998
0.598764
0.59874
0.61008
0.593886
0.592137
0.604689
0.595346
0.590971
0.602977
0.615548
0.605513
0.598758
0.59986
0.597056
0.593302
0.597291
0.588174
0.598734
0.602289
0.607542
0.600216
0.60603
0.603225
0.598022
0.605224
0.615821
0.600111
0.607108
0.598131
0.597995
0.609482
0.598604
0.597204
0.601987
0.597474
0.599213
0.604703
0.605398
0.601532
0.601802
0.616742
0.598643
0.603707
0.599712
0.593718
0.602239
0.59985
0.598767
0.603175
0.597832
0.602911
0.602532
0.606521
0.597616
0.605728
0.608285
0.634668
0.599684
0.609964
0.602931
0.603999
0.603388
0.604338
0.608679
0.607143
0.606921
0.599201
0.605378
0.609916
0.601481
0.59849
0.622037
0.614779
0.607757
0.606701
0.600092
0.605517
0.600081
0.599742
0.601808
0.605382
0.594436
0.600108
0.603556
0.606907
0.603991
0.615003
0.615716
0.606219
0.607247
0.608996
0.599167
0.600986
0.618886
0.618354
0.611581
0.608523
0.609195
0.604549
0.610724
0.608279
0.610704
0.62677
0.605056
0.611634
0.610641
0.601414
0.60835
0.610464
0.606338
0.612329
0.608497
0.600104
0.604643
0.603637
0.60794
0.604771
0.624549
0.613435
0.606396
0.607339
0.617931
0.609985
0.606572
0.605452
0.601342
0.607117
0.613142
0.611715
0.614368
0.601838
0.60182
0.610951
0.628299
0.610098
0.610636
0.602562
0.601819
0.610448
0.608795
0.610342
0.609219
0.611598
0.610517
0.603263
0.613328
0.609369
0.606204
0.61645
0.616806
0.622125
0.608418
0.61069
0.603108
0.605365
0.605583
0.606741
0.605379
0.634856
0.614223
0.609979
0.607982
0.607815
0.600944
0.607566
0.611102
0.619779
0.6046
0.606791
0.604265
0.611682
0.606269
0.611573
0.624323
0.628389
0.610864
0.610543
0.611493
0.611099
0.622289
0.614419
0.628274
0.609579
0.608929
0.616725
0.613462
0.613519
0.616267
0.631779
0.626746
0.609037
0.619205
0.608222
0.608028
0.609467
0.616969
0.621879
0.616405
0.615978
0.615866
0.615073
0.632371
0.619668
0.627314
0.640149
0.617038
0.615437
0.61922
0.606318
0.627675
0.623709
0.612494
0.619703
0.624286
0.612856
0.617139
0.614564
0.616676
0.62523
0.638105
0.614
0.613894
0.622735
0.617328
0.615085
0.615405
0.613646
0.611822
0.612266
0.613046
0.619665
0.619995
0.618191
0.615861
0.637172
0.619286
0.61684
0.620643
0.619934
0.615992
0.622974
0.617935
0.620874
0.612063
0.618105
0.628026
0.619089
0.621746
0.619378
0.637193
0.62619
0.611345
0.620926
0.630347
0.617722
0.616104
0.623878
0.622292
0.616435
0.616708
0.620977
0.621566
0.619554
0.633583
0.633754
0.625512
0.615676
0.613503
0.622231
0.619725
0.628956
0.618352
0.616369
0.619419
0.625709
0.613269
0.614297
0.614047
0.615453
0.63316
0.624031
0.619034
0.623565
0.623998
0.623495
0.620388
0.630368
0.614776
0.621858
0.625367
0.616434
0.625866
0.621586
0.615164
0.625339
0.61744
0.618963
0.615476
0.620386
0.62453
0.618104
0.627081
0.623462
0.619862
0.614144
0.624502
0.618464
0.618565
0.615566
0.64023
0.622174
0.623894
0.623286
0.611405
0.626291
0.617637
0.620176
0.630923
0.619733
0.622689
0.625414
0.621243
0.622274
0.613553
0.627291
0.624962
0.624133
0.624527
0.615343
0.620817
0.648321
0.621412
0.623404
0.618136
0.634327
0.633538
0.623597
0.624821
0.623956
0.634097
0.626589
0.622024
0.628088
0.629489
0.621898
0.625919
0.627607
0.630092
0.624459
0.628718
0.625055
0.619248
0.619671
0.635539
0.64576
0.630192
0.627649
0.626058
0.618288
0.631171
0.643102
0.629066
0.627985
0.62482
0.626702
0.62954
0.6327
0.621375
0.634138
0.651637
0.63197
0.626725
0.63056
0.635694
0.625219
0.628183
0.643214
0.635761
0.633502
0.635027
0.635349
0.63261
0.637478
0.629569
0.650967
0.623267
0.634169
0.636448
0.625407
0.642679
0.635288
0.640062
0.631561
0.63009
0.63414
0.641637
0.635291
0.641839
0.65768
0.63688
0.632627
0.634185
0.632199
0.639776
0.634568
0.637365
0.639606
0.625794
0.639565
0.635307
0.633076
0.631177
0.641228
0.659295
0.634134
0.632094
0.634139
0.633972
0.649403
0.634467
0.631684
0.642207
0.642044
0.635456
0.642983
0.63786
0.639803
0.665602
0.656456
0.646328
0.638926
0.625512
0.643945
0.650605
0.630042
0.634604
0.64023
0.641388
0.642982
0.642182
0.641624
0.629948
0.647307
0.630031
0.628641
0.645895
0.640951
0.641098
0.645274
0.64878
0.646171
0.638162
0.627484
0.631335
0.630052
0.629249
0.637911
0.662781
0.633779
0.636712
0.637442
0.627801
0.640884
0.642411
0.638474
0.644126
0.634031
0.633421
0.634805
0.630074
0.633141
0.649406
0.646953
0.630407
0.635826
0.63005
0.634665
0.643011
0.642149
0.644884
0.638307
0.638124
0.637137
0.644598
0.635663
0.636361
0.6567
0.643937
0.637848
0.647424
0.630393
0.638316
0.64358
0.641321
0.634584
0.645049
0.641564
0.63411
0.640947
0.644118
0.647162
0.67628
0.646916
0.642688
0.64281
0.636488
0.641273
0.650655
0.646026
0.64501
0.65505
0.635184
0.636388
0.647154
0.637828
0.659149
0.644467
0.636297
0.646741
0.648069
0.643031
0.644588
0.638663
0.637878
0.649311
0.641199
0.637698
0.645197
0.637301
0.647661
0.656566
0.636327
0.631399
0.639043
0.645466
0.649389
0.647129
0.641886
0.640692
0.643166
0.649802
0.631675
0.64057
0.633231
0.65473
0.646175
0.636961
0.632748
0.645033
0.641014
0.63752
0.645961
0.643673
0.63947
0.646395
0.637905
0.643526
0.643038
0.635615
0.660317
0.633759
0.632462
0.641803
0.647502
0.645359
0.635567
0.653176
0.632587
0.634653
0.632065
0.632389
0.641897
0.636339
0.662208
0.651953
0.639939
0.638445
0.647577
0.63151
0.64029
0.637882
0.634062
0.637237
0.639277
0.635715
0.630538
0.636264
0.638755
0.656324
0.649725
0.634263
0.637322
0.647788
0.641705
0.644722
0.652888
0.641627
0.64049
0.640875
0.652536
0.642095
0.648146
0.655119
0.645299
0.642945
0.636307
0.646318
0.640618
0.640755
0.648203
0.644048
0.639291
0.640949
0.639766
0.638834
0.643619
0.638315
0.656757
0.646049
0.636081
0.64648
0.649504
0.642117
0.642957
0.650874
0.649766
0.640497
0.648004
0.646312
0.646678
0.647761
0.6555
0.644009
0.644491
0.638392
0.64328
0.643796
0.643481
0.639766
0.648584
0.641143
0.63735
0.640939
0.644833
0.638559
0.645401
0.659429
0.650581
0.643523
0.649602
0.645618
0.643491
0.638874
0.663829
0.64986
0.636029
0.642147
0.639361
0.647065
0.650899
0.670805
0.648703
0.648001
0.643284
0.656849
0.64999
0.64692
0.650336
0.651072
0.645598
0.642397
0.645689
0.641176
0.649888
0.661399
0.659894
0.651468
0.645492
0.649744
0.653077
0.643692
0.645643
0.65008
0.647904
0.640378
0.649385
0.653186
0.650599
0.64474
0.677839
0.644878
0.649349
0.643862
0.646412
0.647441
0.638976
0.640461
0.648026
0.645516
0.646286
0.650509
0.643774
0.642118
0.678323
0.648532
0.650391
0.646638
0.641686
0.659342
0.649026
0.648895
0.657791
0.653656
0.644571
0.647394
0.64417
0.65229
0.662784
0.655454
0.648121
0.653935
0.644223
0.646322
0.646487
0.646774
0.643935
0.65187
0.648325
0.645323
0.648211
0.652522
0.64607
0.66491
0.649763
0.654106
0.648651
0.649565
0.659628
0.651137
0.652037
0.655083
0.648606
0.651635
0.647214
0.656208
0.649094
0.676389
0.656954
0.648501
0.655637
0.64732
0.652301
0.648403
0.647148
0.655283
0.667262
0.651326
0.654684
0.657072
0.653347
0.672639
0.660742
0.651853
0.655546
0.653161
0.656739
0.650576
0.651678
0.655951
0.668384
0.6499
0.648771
0.662282
0.654553
0.65081
0.675008
0.654453
0.651839
0.662507
0.654105
0.65433
0.656591
0.651299
0.662042
0.650326
0.656269
0.655565
0.64954
0.644246
0.678759
0.646929
0.646105
0.658257
0.645539
0.650438
0.650003
0.648149
0.656805
0.658978
0.647553
0.651867
0.652629
0.653433
0.670941
0.66273
0.656823
0.667589
0.652818
0.654047
0.660391
0.658333
0.658495
0.658507
0.65305
0.654052
0.657368
0.657623
0.665302
0.669713
0.658682
0.662033
0.651974
0.649204
0.649235
0.660071
0.647737
0.665995
0.663619
0.655191
0.657834
0.652884
0.643842
0.687918
0.657693
0.654472
0.656933
0.655792
0.652832
0.659916
0.654347
0.652289
0.650759
0.648007
0.65344
0.659632
0.660024
0.674416
0.657712
0.652775
0.653605
0.656517
0.656013
0.655532
0.655011
0.662899
0.661076
0.652938
0.645534
0.64712
0.652839
0.678632
0.659942
0.65704
0.65916
0.654569
0.652841
0.655751
0.6489
0.651471
0.662791
0.654945
0.653729
0.650314
0.652419
0.664388
0.656971
0.659625
0.664537
0.658074
0.6571
0.645959
0.653188
0.659412
0.669394
0.65487
0.655545
0.662368
0.657683
0.68087
0.683942
0.659704
0.666087
0.662596
0.663951
0.649329
0.65976
0.655452
0.65244
0.664754
0.66387
0.670788
0.657549
0.680848
0.673672
0.665041
0.667161
0.668505
0.655346
0.659312
0.662728
0.665206
0.671501
0.673395
0.659182
0.664277
0.665276
0.684829
0.676842
0.671124
0.67451
0.659647
0.665348
0.662821
0.667589
0.67315
0.665594
0.667318
0.661753
0.671715
0.674355
0.688625
0.679738
0.683073
0.670649
0.66617
0.670962
0.668902
0.669674
0.667099
0.678614
0.680311
0.676388
0.674018
0.669839
0.695283
0.670983
0.683856
0.670392
0.675976
0.676547
0.672827
0.680785
0.674017
0.672123
0.674611
0.678577
0.673918
0.678656
0.68858
0.674083
0.67726
0.676491
0.679626
0.673621
0.671552
0.682577
0.677261
0.686989
0.674873
0.673662
0.674155
0.677565
0.698087
0.678034
0.676708
0.674519
0.680417
0.676384
0.674993
0.694814
0.681646
0.682579
0.6807
0.678539
0.683269
0.698888
0.685936
0.689907
0.677473
0.699302
0.684994
0.680018
0.680523
0.677854
0.676862
0.686865
0.682837
0.678964
0.672167
0.695859
0.691511
0.682114
0.67873
0.693816
0.681198
0.682368
0.682742
0.688398
0.677457
0.680144
0.679052
0.679535
0.68245
0.679822
0.6936
0.684155
0.687546
0.678469
0.68688
0.6818
0.690018
0.696049
0.690712
0.696842
0.683323
0.683751
0.685923
0.704923
0.70978
0.684141
0.684244
0.68918
0.683118
0.684118
0.683359
0.715214
0.684468
0.690186
0.684796
0.689638
0.686047
0.685412
0.690762
0.693886
0.688448
0.685791
0.692062
0.687607
0.701359
0.702407
0.690252
0.687941
0.692593
0.697789
0.691898
0.6861
0.694421
0.687325
0.69309
0.688246
0.686382
0.701322
0.697606
0.686348
0.691979
0.689528
0.68858
0.696202
0.701627
0.696382
0.696442
0.693444
0.699273
0.695167
0.706118
0.718479
0.700762
0.69625
0.69131
0.6915
0.695354
0.697559
0.696097
0.704531
0.694545
0.698946
0.69805
0.697305
0.705211
0.706392
0.693682
0.692872
0.704693
0.686124
0.699676
0.700728
0.704268
0.69554
0.705741
0.696642
0.70371
0.701255
0.726123
0.706824
0.703714
0.695577
0.704586
0.703927
0.699782
0.701866
0.70607
0.698599
0.704578
0.697174
0.700287
0.712321
0.699611
0.701887
0.701752
0.705137
0.701383
0.692406
0.699561
0.706603
0.713236
0.703849
0.712969
0.705554
0.71204
0.71578
0.709289
0.704515
0.713476
0.709099
0.702
0.707905
0.718107
0.714478
0.709435
0.720785
0.704942
0.716237
0.715833
0.709396
0.703081
0.716914
0.697951
0.71227
0.703865
0.707071
0.702861
0.698618
0.711219
0.703652
0.709579
0.734509
0.725509
0.704211
0.723235
0.702157
0.713186
0.703804
0.712647
0.713414
0.704655
0.708827
0.709815
0.708477
0.731624
0.70797
0.708442
0.714572
0.708683
0.708792
0.718945
0.712875
0.715884
0.713624
0.720055
0.706446
0.712918
0.737985
0.713508
0.717549
0.711218
0.715374
0.713895
0.710416
0.708411
0.724848
0.708193
0.713858
0.717205
0.713271
0.736775
0.716782
0.708894
0.714529
0.710027
0.711414
0.71397
0.712191
0.716486
0.71315
0.718904
0.716992
0.713176
0.731404
0.720397
0.715076
0.715293
0.706646
0.723234
0.717478
0.723061
0.718308
0.720313
0.714564
0.721182
0.726602
0.742354
0.728569
0.719294
0.71792
0.717427
0.72048
0.716667
0.721928
0.718511
0.725307
0.729646
0.732626
0.723789
0.739086
0.724322
0.720311
0.721389
0.727424
0.71771
0.718608
0.717056
0.72634
0.716773
0.726304
0.735796
0.719786
0.744678
0.725869
0.724313
0.721131
0.723965
0.729708
0.730867
0.736476
0.735566
0.721779
0.721571
0.725503
0.740571
0.741766
0.732139
0.726735
0.725493
0.722247
0.729693
0.726713
0.734643
0.72798
0.731386
0.737293
0.731828
0.73828
0.720566
0.726801
0.722299
0.724942
0.725274
0.723828
0.726585
0.721258
0.723249
0.724564
0.726531
0.735003
0.745107
0.734725
0.739109
0.727603
0.732995
0.726647
0.730048
0.734093
0.730633
0.738155
0.730217
0.725764
0.73217
0.744448
0.737733
0.733952
0.737825
0.724176
0.725916
0.723895
0.742272
0.726147
0.726425
0.731201
0.725722
0.726198
0.75275
0.72569
0.73786
0.730357
0.73354
0.72009
0.730187
0.729191
0.726184
0.730288
0.727931
0.732968
0.744738
0.763499
0.744067
0.730242
0.729426
0.730924
0.72907
0.731808
0.726015
0.735412
0.740505
0.733476
0.728938
0.749805
0.729222
0.734678
0.73546
0.73429
0.73343
0.729178
0.731094
0.736792
0.735784
0.741703
0.734763
0.738286
0.747804
0.739182
0.738165
0.736967
0.734317
0.73503
0.732835
0.72362
0.725829
0.732031
0.731396
0.732006
0.735904
0.744354
0.731624
0.72986
0.740327
0.72883
0.73067
0.738547
0.732752
0.736231
0.732534
0.730086
0.732308
0.769976
0.743415
0.732658
0.735087
0.744138
0.733964
0.728259
0.732409
0.748791
0.733437
0.736108
0.7334
0.742387
0.751117
0.732915
0.75521
0.746757
0.739913
0.736781
0.739385
0.740788
0.740442
0.738703
0.746688
0.742942
0.750393
0.761342
0.743122
0.746552
0.745385
0.749664
0.753921
0.74807
0.748372
0.742097
0.747685
0.743662
0.746016
0.767482
0.752774
0.743795
0.749437
0.748213
0.746887
0.747728
0.747766
0.745302
0.755436
0.756255
0.748117
0.757617
0.753356
0.749452
0.747719
0.759801
0.752967
0.748416
0.751885
0.74878
0.75225
0.743391
0.754402
0.745932
0.76998
0.743227
0.746958
0.758888
0.746589
0.748083
0.743276
0.740979
0.745865
0.747059
0.742564
0.747799
0.760937
0.762248
0.747118
0.75454
0.759846
0.748529
0.757904
0.746674
0.753145
0.758216
0.753879
0.75346
0.747991
0.762044
0.759816
0.756682
0.751314
0.754712
0.756747
0.752893
0.746259
0.754233
0.752405
0.7612
0.747682
0.77471
0.760656
0.749117
0.75874
0.756048
0.75048
0.755055
0.751753
0.744365
0.748906
0.751409
0.754188
0.76304
0.78216
0.744849
0.755575
0.756021
0.755804
0.761391
0.756115
0.75046
0.754048
0.75101
0.753841
0.753445
0.774435
0.762648
0.756586
0.760127
0.759668
0.753331
0.762252
0.762723
0.761968
0.756224
0.756834
0.754959
0.772116
0.763783
0.758474
0.761784
0.761378
0.756591
0.761896
0.763604
0.76074
0.763045
0.775841
0.763537
0.771243
0.766596
0.759042
0.766584
0.776208
0.763033
0.765801
0.771426
0.758502
0.768334
0.762416
0.750546
0.775436
0.774611
0.757438
0.760014
0.761687
0.758183
0.755643
0.754576
0.767392
0.770002
0.768181
0.768514
0.77022
0.779103
0.769805
0.76604
0.764714
0.764749
0.764112
0.760258
0.760549
0.762483
0.763262
0.764638
0.768109
0.78369
0.766274
0.770594
0.770697
0.765991
0.765936
0.761075
0.76515
0.768613
0.768055
0.764851
0.780096
0.787099
0.773314
0.760184
0.765258
0.774504
0.762159
0.762725
0.762395
0.766784
0.762296
0.77366
0.767938
0.770819
0.771328
0.770183
0.768367
0.776642
0.776049
0.770362
0.77088
0.774636
0.767643
0.77595
0.768753
0.781128
0.774794
0.775941
0.763298
0.771274
0.767785
0.768464
0.764728
0.76587
0.767987
0.773268
0.772244
0.790577
0.793551
0.767771
0.764871
0.769867
0.775561
0.766291
0.762106
0.772469
0.766956
0.765205
0.767038
0.772248
0.788362
0.76904
0.771691
0.764533
0.774425
0.767694
0.774865
0.77456
0.767541
0.7808
0.763714
0.767125
0.796617
0.76366
0.7826
0.770394
0.777172
0.77806
0.769761
0.773586
0.767472
0.77271
0.779142
0.770134
0.787641
0.774161
0.778726
0.778624
0.784913
0.774202
0.772091
0.772443
0.773075
0.777228
0.779825
0.776272
0.800052
0.771209
0.778054
0.773024
0.780407
0.781479
0.772203
0.77965
0.772609
0.773039
0.781639
0.778487
0.812663
0.773545
0.78076
0.776673
0.782147
0.777229
0.778055
0.784665
0.771742
0.779098
0.787185
0.777539
0.797129
0.779422
0.782891
0.7805
0.782324
0.776654
0.775607
0.782274
0.779341
0.773123
0.794566
0.79554
0.804886
0.778961
0.780155
0.777545
0.782057
0.776771
0.778892
0.780125
0.783647
0.77747
0.776007
0.778555
0.792683
0.784685
0.787111
0.788919
0.785765
0.781428
0.776347
0.773708
0.782734
0.784785
0.78221
0.778757
0.818031
0.779593
0.784293
0.791138
0.791814
0.801018
0.796345
0.783725
0.791484
0.780959
0.786001
0.793333
0.814232
0.781619
0.789203
0.786369
0.780485
0.78536
0.782072
0.782406
0.7796
0.783491
0.786603
0.79979
0.793705
0.791046
0.782182
0.787259
0.789578
0.784676
0.794648
0.786153
0.788989
0.78541
0.782004
0.804146
0.791848
0.786568
0.783292
0.791693
0.808099
0.792763
0.794199
0.786739
0.794703
0.793294
0.791432
0.796731
0.789788
0.793998
0.794177
0.792443
0.785898
0.785003
0.792431
0.807962
0.796543
0.781124
0.792524
0.793237
0.79134
0.786159
0.784238
0.793167
0.784293
0.786061
0.815806
0.805707
0.794928
0.796008
0.791211
0.791966
0.799499
0.799672
0.797001
0.790604
0.794222
0.797826
0.815027
0.79382
0.798412